   58.04	   42.00	   77.46
   54.15	   43.00	   77.46
   50.37	   44.00	   77.46
   46.71	   43.00	   77.46
   43.16	   42.00	   77.46
   39.72	   41.00	   77.46
   36.30	   41.00	   77.46
   32.90	   42.00	   77.46
   29.41	   43.00	   77.46
   25.84	   45.00	   77.46
   22.28	   47.00	   77.46
   18.35	   45.00	   77.46
   14.34	   43.00	   77.46
   10.07	   38.00	   77.46
    5.53	   37.00	   77.46
    0.74	   35.00	   77.46
   -4.38	   33.00	   77.46
  -10.66	   32.00	   77.46
  -22.59	   31.00	   77.46
  -34.65	   30.00	   77.46
  -46.21	   28.00	   77.46
  -57.28	   28.00	   77.46
  -67.95	   27.00	   77.46
  -78.29	   27.00	   77.46
  -87.66	   26.00	   77.46
  -96.12	   26.00	   77.46
 -108.10	   24.00	   77.46
 -116.63	   24.00	   77.46
 -123.82	   25.00	   77.46
 -130.60	   30.00	   77.46
 -136.99	   38.00	   77.46
 -143.30	   40.00	   77.46
 -149.92	   44.00	   77.46
 -160.94	   51.00	   77.46
 -174.50	   55.00	   77.46
  174.27	   54.00	   77.46
  162.65	   54.00	   77.46
  150.45	   51.00	   77.46
  138.36	   48.00	   77.46
  126.49	   45.00	   77.46
  114.99	   40.00	   77.46
  103.89	   35.00	   77.46
   93.71	   35.00	   77.46
   84.44	   28.00	   77.46
   77.26	   28.00	   77.46
   71.29	   32.00	   77.46
   66.35	   35.00	   77.46
   62.04	   38.00	   77.46
   58.04	   42.00	   77.46
   -1.00	   -1.00	   -1.00
   58.04	   52.00	   83.67
   54.15	   53.00	   83.67
   50.37	   54.00	   83.67
   46.71	   55.00	   83.67
   43.16	   55.00	   83.67
   39.72	   54.00	   83.67
   36.30	   53.00	   83.67
   32.90	   52.00	   83.67
   29.41	   45.00	   83.67
   25.84	   40.00	   83.67
   22.28	   36.00	   83.67
   18.35	   35.00	   83.67
   14.34	   34.00	   83.67
   10.07	   29.00	   83.67
    5.53	   27.00	   83.67
    0.74	   25.00	   83.67
   -4.38	   24.00	   83.67
  -10.66	   24.00	   83.67
  -22.59	   23.00	   83.67
  -34.65	   22.00	   83.67
  -46.21	   21.00	   83.67
  -57.28	   21.00	   83.67
  -67.95	   21.00	   83.67
  -78.29	   21.00	   83.67
  -87.66	   21.00	   83.67
  -96.12	   20.00	   83.67
 -108.10	   18.00	   83.67
 -116.63	   18.00	   83.67
 -123.82	   19.00	   83.67
 -130.60	   21.00	   83.67
 -136.99	   28.00	   83.67
 -143.30	   35.00	   83.67
 -149.92	   41.00	   83.67
 -160.94	   40.00	   83.67
 -174.50	   41.00	   83.67
  174.27	   42.00	   83.67
  162.65	   41.00	   83.67
  150.45	   38.00	   83.67
  138.36	   35.00	   83.67
  126.49	   30.00	   83.67
  114.99	   25.00	   83.67
  103.89	   24.00	   83.67
   93.71	   27.00	   83.67
   84.44	   35.00	   83.67
   77.26	   40.00	   83.67
   71.29	   45.00	   83.67
   66.35	   48.00	   83.67
   62.04	   50.00	   83.67
   58.04	   52.00	   83.67
   -1.00	   -1.00	   -1.00
   99.90	    1.49	   51.18
   85.77	    2.62	   54.83
   76.79	    3.79	   58.48
   71.06	    4.92	   62.13
   65.52	    6.04	   65.78
   60.57	    7.17	   69.43
   56.51	    8.23	   73.08
   54.56	    9.28	   76.73
   -1.00	   -1.00	   -1.00
 -137.57	   35.61	   41.57
 -138.18	   35.15	   45.30
 -138.72	   34.71	   49.04
 -139.18	   34.27	   52.77
 -139.54	   33.83	   56.51
 -139.82	   33.34	   60.24
 -139.98	   32.85	   63.98
 -140.08	   32.39	   67.71
 -140.09	   31.95	   71.44
 -140.03	   31.51	   75.19
   -1.00	   -1.00	   -1.00
 -149.38	   36.28	   57.20
 -150.87	   36.44	   59.44
 -152.46	   36.69	   61.69
 -154.20	   36.88	   63.93
 -156.17	   37.10	   66.17
 -158.04	   37.34	   68.42
 -159.87	   37.65	   70.67
 -161.79	   37.92	   72.92
   -1.00	   -1.00	   -1.00
   57.93	   34.46	   85.41
   60.41	   34.41	   85.77
   60.38	   34.34	   86.13
   60.35	   34.28	   86.49
   60.32	   34.20	   86.86
   60.29	   34.13	   87.23
   60.23	   34.06	   87.59
   60.21	   33.99	   87.95
   56.96	   33.88	   88.35
   -1.00	   -1.00	   -1.00
   39.30	   50.83	   80.28
   39.67	   50.14	   81.02
   40.04	   49.46	   81.76
   40.34	   48.78	   82.50
   40.67	   48.09	   83.25
   40.97	   47.40	   83.99
   41.29	   46.72	   84.73
   41.61	   46.04	   85.48
   41.81	   45.35	   86.23
   -1.00	   -1.00	   -1.00
   73.33	    6.74	   65.76
   74.73	    6.16	   67.61
   76.32	    5.52	   69.47
   78.30	    4.86	   71.33
   80.83	    4.21	   73.18
   83.91	    3.58	   75.03
   87.70	    2.92	   76.89
   93.12	    2.29	   78.74
  100.88	    1.70	   80.60
  123.78	    1.57	   82.49
   -1.00	   -1.00	   -1.00
   37.51	   49.74	   72.78
   38.17	   49.33	   74.15
   39.03	   48.87	   75.52
   40.19	   48.41	   76.89
   41.18	   47.96	   78.27
   42.16	   47.51	   79.64
   42.93	   47.03	   81.01
   43.69	   46.57	   82.38
   44.46	   46.11	   83.75
   45.25	   45.63	   85.14
   -1.00	   -1.00	   -1.00
   38.75	   21.26	   75.26
   39.18	   21.27	   76.05
   39.57	   21.26	   76.84
   39.95	   21.26	   77.63
   40.37	   21.26	   78.42
   40.75	   21.25	   79.21
   41.20	   21.25	   80.01
   41.62	   21.26	   80.80
   -1.00	   -1.00	   -1.00
   61.73	   21.59	   78.08
   62.27	   22.61	   76.65
   62.81	   23.63	   75.21
   63.22	   24.63	   73.78
   63.66	   25.64	   72.35
   64.13	   26.65	   70.92
   64.49	   27.64	   69.49
   64.83	   28.63	   68.06
   -1.00	   -1.00	   -1.00
   15.38	    8.47	   82.75
   14.67	    8.41	   80.48
   13.99	    8.33	   78.23
   13.29	    8.25	   75.97
   12.75	    8.17	   73.72
   12.16	    8.08	   71.46
   11.42	    7.97	   69.20
   10.46	    7.86	   66.95
    9.71	    7.74	   64.69
    8.97	    7.62	   62.43
   -1.00	   -1.00	   -1.00
   33.26	   52.88	   68.23
   33.73	   51.71	   69.21
   34.19	   50.57	   70.18
   34.67	   49.44	   71.16
   35.13	   48.32	   72.13
   35.59	   47.16	   73.11
   36.02	   46.01	   74.09
   36.47	   44.86	   75.06
   36.90	   43.70	   76.05
   37.29	   42.53	   77.12
   -1.00	   -1.00	   -1.00
 -120.78	    4.84	   65.62
 -123.84	    6.35	   63.87
 -126.44	    7.97	   62.12
 -128.60	    9.60	   60.38
 -130.39	   11.21	   58.64
 -131.82	   12.79	   56.89
 -133.10	   14.38	   55.15
 -134.19	   15.99	   53.41
 -135.12	   17.59	   51.66
 -135.86	   19.15	   49.92
   -1.00	   -1.00	   -1.00
 -139.77	   42.40	   70.50
 -140.52	   40.33	   69.12
 -141.28	   38.26	   67.74
 -142.00	   36.17	   66.36
 -142.72	   34.10	   64.98
 -143.78	   32.03	   63.60
 -144.92	   29.93	   62.22
 -146.10	   27.87	   60.84
 -147.17	   25.80	   59.46
 -148.17	   23.73	   58.08
   -1.00	   -1.00	   -1.00
   61.40	   34.30	   69.97
   61.40	   32.85	   67.93
   61.43	   31.39	   65.89
   61.47	   29.94	   63.85
   57.36	   28.45	   61.82
   56.62	   26.96	   59.79
   55.78	   25.47	   57.75
   54.97	   23.98	   55.72
   54.20	   22.48	   53.68
   -1.00	   -1.00	   -1.00
   54.29	   34.31	   88.23
   55.79	   33.17	   86.19
   60.31	   32.02	   84.15
   60.36	   30.87	   82.11
   60.48	   29.70	   80.07
   62.19	   28.52	   78.03
   63.76	   27.33	   75.99
   65.42	   26.14	   73.95
   -1.00	   -1.00	   -1.00
   17.59	   10.29	   63.83
   17.90	   10.54	   66.05
   18.08	   10.79	   68.27
   18.17	   11.02	   70.49
   18.28	   11.24	   72.71
   18.41	   11.46	   74.93
   18.47	   11.66	   77.15
   18.62	   11.86	   79.37
   18.72	   12.06	   81.59
   18.82	   12.24	   83.82
   -1.00	   -1.00	   -1.00
 -111.31	    2.27	   56.68
 -120.00	    2.07	   60.33
 -165.67	    5.08	   63.98
  120.24	    1.20	   67.63
   34.53	    1.27	   71.28
   11.75	    2.11	   74.93
    0.61	    3.29	   78.58
   -7.17	    6.31	   82.23
   -1.00	   -1.00	   -1.00