 A = 51 COLOROID LAP
 BEGIN_DATA_FORMAT
 Sample_Name XYZ_X XYZ_Y XYZ_Z Lab_L Lab_a Lab_b
 END_DATA_FORMAT
 BEGIN_DATA
 Coloroid_ATV_51_ 5_15	  2.78	  2.25	  8.75	 16.75	 12.88	-29.83
 Coloroid_ATV_51_15_15	  4.06	  2.25	 21.34	 16.75	 33.62	-59.70
 Coloroid_ATV_51_25_15	  5.34	  2.25	 33.93	 16.75	 50.35	-79.13
 Coloroid_ATV_51_ 5_25	  6.58	  6.25	 13.10	 30.03	  6.89	-19.37
 Coloroid_ATV_51_15_25	  7.86	  6.25	 25.69	 30.03	 19.42	-44.22
 Coloroid_ATV_51_25_25	  9.14	  6.25	 38.28	 30.03	 30.66	-61.79
 Coloroid_ATV_51_35_25	 10.42	  6.25	 50.87	 30.03	 40.90	-75.82
 Coloroid_ATV_51_45_25	 11.70	  6.25	 63.46	 30.03	 50.32	-87.69
 Coloroid_ATV_51_55_25	 12.98	  6.25	 76.05	 30.03	 59.08	-98.08
 Coloroid_ATV_51_65_25	 14.26	  6.25	 88.64	 30.03	 67.29	-107.38
 Coloroid_ATV_51_ 5_35	 12.28	 12.25	 19.63	 41.61	  4.47	-13.66
 Coloroid_ATV_51_15_35	 13.56	 12.25	 32.22	 41.61	 12.97	-33.95
 Coloroid_ATV_51_25_35	 14.84	 12.25	 44.81	 41.61	 20.94	-49.44
 Coloroid_ATV_51_35_35	 16.13	 12.25	 57.41	 41.61	 28.48	-62.24
 Coloroid_ATV_51_45_35	 17.41	 12.25	 70.00	 41.61	 35.62	-73.28
 Coloroid_ATV_51_55_35	 18.69	 12.25	 82.59	 41.61	 42.42	-83.07
 Coloroid_ATV_51_65_35	 19.97	 12.25	 95.18	 41.61	 48.91	-91.90
 Coloroid_ATV_51_75_35	 21.25	 12.25	107.77	 41.61	 55.14	-99.99
 Coloroid_ATV_51_85_35	 22.53	 12.25	120.36	 41.61	 61.11	-107.46
 Coloroid_ATV_51_95_35	 23.81	 12.25	132.95	 41.61	 66.87	-114.44
 Coloroid_ATV_51_ 5_45	 19.89	 20.25	 28.34	 52.12	  3.22	-10.26
 Coloroid_ATV_51_15_45	 21.17	 20.25	 40.93	 52.12	  9.46	-26.90
 Coloroid_ATV_51_25_45	 22.45	 20.25	 53.53	 52.12	 15.45	-40.40
 Coloroid_ATV_51_35_45	 23.73	 20.25	 66.12	 52.12	 21.22	-51.91
 Coloroid_ATV_51_45_45	 25.01	 20.25	 78.71	 52.12	 26.79	-62.05
 Coloroid_ATV_51_55_45	 26.29	 20.25	 91.30	 52.12	 32.16	-71.15
 Coloroid_ATV_51_65_45	 27.57	 20.25	103.89	 52.12	 37.37	-79.45
 Coloroid_ATV_51_75_45	 28.85	 20.25	116.48	 52.12	 42.42	-87.10
 Coloroid_ATV_51_85_45	 30.13	 20.25	129.07	 52.12	 47.32	-94.22
 Coloroid_ATV_51_95_45	 31.41	 20.25	141.66	 52.12	 52.08	-100.89
 Coloroid_ATV_51_ 5_55	 29.39	 30.25	 39.23	 61.87	  2.47	 -8.06
 Coloroid_ATV_51_15_55	 30.67	 30.25	 51.82	 61.87	  7.31	-21.90
 Coloroid_ATV_51_25_55	 31.95	 30.25	 64.41	 61.87	 12.02	-33.64
 Coloroid_ATV_51_35_55	 33.23	 30.25	 77.00	 61.87	 16.61	-43.93
 Coloroid_ATV_51_45_55	 34.51	 30.25	 89.59	 61.87	 21.07	-53.16
 Coloroid_ATV_51_55_55	 35.80	 30.25	102.18	 61.87	 25.43	-61.55
 Coloroid_ATV_51_65_55	 37.08	 30.25	114.78	 61.87	 29.69	-69.29
 Coloroid_ATV_51_75_55	 38.36	 30.25	127.37	 61.87	 33.85	-76.47
 Coloroid_ATV_51_85_55	 39.64	 30.25	139.96	 61.87	 37.91	-83.20
 Coloroid_ATV_51_95_55	 40.92	 30.25	152.55	 61.87	 41.90	-89.53
 Coloroid_ATV_51_ 5_65	 40.80	 42.25	 52.30	 71.04	  1.98	 -6.56
 Coloroid_ATV_51_15_65	 42.08	 42.25	 64.89	 71.04	  5.89	-18.23
 Coloroid_ATV_51_25_65	 43.36	 42.25	 77.48	 71.04	  9.72	-28.48
 Coloroid_ATV_51_35_65	 44.64	 42.25	 90.07	 71.04	 13.47	-37.67
 Coloroid_ATV_51_45_65	 45.92	 42.25	102.66	 71.04	 17.15	-46.04
 Coloroid_ATV_51_55_65	 47.20	 42.25	115.25	 71.04	 20.77	-53.75
 Coloroid_ATV_51_65_65	 48.48	 42.25	127.84	 71.04	 24.31	-60.92
 Coloroid_ATV_51_75_65	 49.76	 42.25	140.43	 71.04	 27.80	-67.63
 Coloroid_ATV_51_85_65	 51.04	 42.25	153.02	 71.04	 31.23	-73.95
 Coloroid_ATV_51_95_65	 52.32	 42.25	165.61	 71.04	 34.60	-79.93
 Coloroid_ATV_51_ 5_75	 54.10	 56.25	 67.54	 79.76	  1.64	 -5.47
 Coloroid_ATV_51_15_75	 55.38	 56.25	 80.13	 79.76	  4.89	-15.47
 Coloroid_ATV_51_25_75	 56.67	 56.25	 92.72	 79.76	  8.08	-24.47
 Coloroid_ATV_51_35_75	 57.95	 56.25	105.31	 79.76	 11.23	-32.69
 Coloroid_ATV_51_45_75	 59.23	 56.25	117.90	 79.76	 14.33	-40.28
 Coloroid_ATV_51_55_75	 60.51	 56.25	130.49	 79.76	 17.38	-47.35
 Coloroid_ATV_51_65_75	 61.79	 56.25	143.09	 79.76	 20.40	-53.97
 Coloroid_ATV_51_75_75	 63.07	 56.25	155.68	 79.76	 23.37	-60.22
 Coloroid_ATV_51_85_75	 64.35	 56.25	168.27	 79.76	 26.30	-66.13
 Coloroid_ATV_51_95_75	 65.63	 56.25	180.86	 79.76	 29.19	-71.76
 Coloroid_ATV_51_ 5_85	 69.31	 72.25	 84.96	 88.09	  1.39	 -4.66
 Coloroid_ATV_51_15_85	 70.59	 72.25	 97.55	 88.09	  4.15	-13.34
 Coloroid_ATV_51_25_85	 71.87	 72.25	110.14	 88.09	  6.87	-21.31
 Coloroid_ATV_51_35_85	 73.15	 72.25	122.73	 88.09	  9.56	-28.68
 Coloroid_ATV_51_45_85	 74.43	 72.25	135.33	 88.09	 12.21	-35.57
 Coloroid_ATV_51_55_85	 75.72	 72.25	147.92	 88.09	 14.84	-42.04
 Coloroid_ATV_51_65_85	 77.00	 72.25	160.51	 88.09	 17.44	-48.16
 Coloroid_ATV_51_75_85	 78.28	 72.25	173.10	 88.09	 20.01	-53.96
 Coloroid_ATV_51_85_85	 79.56	 72.25	185.69	 88.09	 22.55	-59.49
 Coloroid_ATV_51_95_85	 80.84	 72.25	198.28	 88.09	 25.07	-64.77
 Coloroid_ATV_51_ 5_95	 86.42	 90.25	104.56	 96.10	  1.20	 -4.04
 Coloroid_ATV_51_15_95	 87.70	 90.25	117.15	 96.10	  3.58	-11.66
 Coloroid_ATV_51_25_95	 88.98	 90.25	129.74	 96.10	  5.94	-18.76
 Coloroid_ATV_51_35_95	 90.26	 90.25	142.33	 96.10	  8.27	-25.41
 Coloroid_ATV_51_45_95	 91.54	 90.25	154.92	 96.10	 10.59	-31.67
 Coloroid_ATV_51_55_95	 92.82	 90.25	167.51	 96.10	 12.88	-37.61
 Coloroid_ATV_51_65_95	 94.10	 90.25	180.11	 96.10	 15.15	-43.25
 Coloroid_ATV_51_75_95	 95.38	 90.25	192.70	 96.10	 17.40	-48.64
 Coloroid_ATV_51_85_95	 96.67	 90.25	205.29	 96.10	 19.63	-53.80
 Coloroid_ATV_51_95_95	 97.95	 90.25	217.88	 96.10	 21.84	-58.75
 END_DATA