10.		0.		10.
10.		0.		32.5
10.		0.		55.
10.		0.		77.5
10.		0.		100.
10.		15.		95.
10.		45.		95.
10.		75.		95.
12.		20.		70.
12.		45.		70.
12.		19.		45.
22.		12.		85.
22.		23.		85.
22.		16.		65.
22.		32.		65.
22.		46.		65.
22.		22.		45.
31.		14.		84.
31.		15.		65.
31.		28.		65.
31.		18.		50.
31.		37.		50.
32.		12.		30.
41.		20.		80.
41.		22.		50.
41.		42.5	50.
41.		63.5	50.		
41.		11.		37.
41.		25.		35.
46.		12.		90.
46.5	20.		65.
46.		41.		65.
45.5	20.		42.
45.5	40.		42.		
45.5	61.		42.
53.		25.		85.
53.		26.		65.
53.		52.		65.
53.		78.		65.
53.		24.		40.
52.		41.		38.
62.		30.		87.
61.5	60.		87.
61.		100.	87.
62.		26.		65.
62.		53.		65.
62.		24.		44.
71.		12.		90.
71.		26.		90.
71.		41.		90.
71.		18.		65.
71.		35.		65.
71.		16.		45.
