CIMLAP_V_65.txt
BEGIN_DATA_FORMAT
Sample_Name	XYZ_X	XYZ_Y	XYZ_Z	Lab_L	Lab_a	Lab_b
END_DATA_FORMAT
BEGIN_DATA
Coloroid_ATV_10_5_65	39.538	42.250	40.860	71.043	-1.938	5.815
Coloroid_ATV_10_10_65	38.919	42.250	35.717	71.043	-3.897	12.141
Coloroid_ATV_10_15_65	38.300	42.250	30.574	71.043	-5.876	19.107
Coloroid_ATV_10_20_65	37.681	42.250	25.431	71.043	-7.877	26.905
Coloroid_ATV_10_25_65	37.062	42.250	20.289	71.043	-9.900	35.841
Coloroid_ATV_10_30_65	36.443	42.250	15.146	71.043	-11.945	46.447
Coloroid_ATV_10_35_65	35.824	42.250	10.003	71.043	-14.014	59.831
Coloroid_ATV_10_40_65	35.204	42.250	4.860	71.043	-16.107	79.130
Coloroid_ATV_11_5_65	39.746	42.250	40.929	71.043	-1.285	5.734
Coloroid_ATV_11_10_65	39.335	42.250	35.855	71.043	-2.580	11.963
Coloroid_ATV_11_15_65	38.923	42.250	30.781	71.043	-3.883	18.812
Coloroid_ATV_11_20_65	38.512	42.250	25.707	71.043	-5.196	26.462
Coloroid_ATV_11_25_65	38.101	42.250	20.633	71.043	-6.518	35.197
Coloroid_ATV_11_30_65	37.689	42.250	15.559	71.043	-7.849	45.512
Coloroid_ATV_11_35_65	37.278	42.250	10.485	71.043	-9.191	58.402
Coloroid_ATV_11_40_65	36.867	42.250	5.411	71.043	-10.542	76.541
Coloroid_ATV_12_5_65	39.948	42.250	41.002	71.043	-0.654	5.649
Coloroid_ATV_12_10_65	39.738	42.250	36.000	71.043	-1.311	11.778
Coloroid_ATV_12_15_65	39.528	42.250	30.998	71.043	-1.970	18.504
Coloroid_ATV_12_20_65	39.318	42.250	25.997	71.043	-2.632	25.999
Coloroid_ATV_12_25_65	39.108	42.250	20.995	71.043	-3.296	34.529
Coloroid_ATV_12_30_65	38.899	42.250	15.994	71.043	-3.962	44.547
Coloroid_ATV_12_35_65	38.689	42.250	10.992	71.043	-4.630	56.947
Coloroid_ATV_12_40_65	38.479	42.250	5.991	71.043	-5.301	74.005
Coloroid_ATV_13_5_65	40.144	42.250	41.077	71.043	-0.042	5.560
Coloroid_ATV_13_10_65	40.130	42.250	36.151	71.043	-0.084	11.585
Coloroid_ATV_13_15_65	40.117	42.250	31.225	71.043	-0.126	18.185
Coloroid_ATV_13_20_65	40.103	42.250	26.299	71.043	-0.168	25.521
Coloroid_ATV_13_25_65	40.090	42.250	21.372	71.043	-0.211	33.841
Coloroid_ATV_13_30_65	40.076	42.250	16.446	71.043	-0.253	43.562
Coloroid_ATV_13_35_65	40.063	42.250	11.520	71.043	-0.295	55.480
Coloroid_ATV_13_40_65	40.049	42.250	6.594	71.043	-0.337	71.533
Coloroid_ATV_14_5_65	40.336	42.250	41.156	71.043	0.554	5.468
Coloroid_ATV_14_10_65	40.514	42.250	36.308	71.043	1.107	11.384
Coloroid_ATV_14_15_65	40.692	42.250	31.461	71.043	1.658	17.853
Coloroid_ATV_14_20_65	40.871	42.250	26.614	71.043	2.208	25.025
Coloroid_ATV_14_25_65	41.049	42.250	21.767	71.043	2.756	33.131
Coloroid_ATV_14_30_65	41.227	42.250	16.919	71.043	3.302	42.550
Coloroid_ATV_14_35_65	41.405	42.250	12.072	71.043	3.847	53.993
Coloroid_ATV_14_40_65	41.584	42.250	7.225	71.043	4.390	69.105
Coloroid_ATV_14_45_65	41.762	42.250	2.378	71.043	4.932	94.173
Coloroid_ATV_15_5_65	40.524	42.250	41.238	71.043	1.137	5.371
Coloroid_ATV_15_10_65	40.890	42.250	36.473	71.043	2.268	11.174
Coloroid_ATV_15_15_65	41.256	42.250	31.708	71.043	3.391	17.508
Coloroid_ATV_15_20_65	41.622	42.250	26.943	71.043	4.508	24.512
Coloroid_ATV_15_25_65	41.989	42.250	22.178	71.043	5.619	32.399
Coloroid_ATV_15_30_65	42.355	42.250	17.413	71.043	6.723	41.514
Coloroid_ATV_15_35_65	42.721	42.250	12.648	71.043	7.820	52.488
Coloroid_ATV_15_40_65	43.088	42.250	7.883	71.043	8.912	66.716
Coloroid_ATV_15_45_65	43.454	42.250	3.118	71.043	9.997	88.883
Coloroid_ATV_16_5_65	40.714	42.250	41.327	71.043	1.726	5.267
Coloroid_ATV_16_10_65	41.271	42.250	36.651	71.043	3.436	10.949
Coloroid_ATV_16_15_65	41.827	42.250	31.975	71.043	5.130	17.137
Coloroid_ATV_16_20_65	42.384	42.250	27.299	71.043	6.810	23.961
Coloroid_ATV_16_25_65	42.941	42.250	22.623	71.043	8.475	31.617
Coloroid_ATV_16_30_65	43.497	42.250	17.947	71.043	10.126	40.416
Coloroid_ATV_16_35_65	44.054	42.250	13.271	71.043	11.763	50.912
Coloroid_ATV_16_40_65	44.611	42.250	8.595	71.043	13.386	64.279
Coloroid_ATV_16_45_65	45.167	42.250	3.919	71.043	14.996	84.039
Coloroid_ATV_20_5_65	40.907	42.250	41.424	71.043	2.322	5.154
Coloroid_ATV_20_10_65	41.658	42.250	36.845	71.043	4.615	10.704
Coloroid_ATV_20_15_65	42.408	42.250	32.266	71.043	6.881	16.735
Coloroid_ATV_20_20_65	43.158	42.250	27.687	71.043	9.120	23.367
Coloroid_ATV_20_25_65	43.908	42.250	23.108	71.043	11.334	30.777
Coloroid_ATV_20_30_65	44.658	42.250	18.529	71.043	13.522	39.243
Coloroid_ATV_20_35_65	45.408	42.250	13.950	71.043	15.687	49.249
Coloroid_ATV_20_40_65	46.158	42.250	9.371	71.043	17.827	61.772
Coloroid_ATV_20_45_65	46.908	42.250	4.792	71.043	19.945	79.462
Coloroid_ATV_21_5_65	41.111	42.250	41.533	71.043	2.945	5.028
Coloroid_ATV_21_10_65	42.064	42.250	37.062	71.043	5.845	10.431
Coloroid_ATV_21_15_65	43.017	42.250	32.592	71.043	8.702	16.288
Coloroid_ATV_21_20_65	43.970	42.250	28.121	71.043	11.517	22.708
Coloroid_ATV_21_25_65	44.923	42.250	23.651	71.043	14.291	29.850
Coloroid_ATV_21_30_65	45.876	42.250	19.180	71.043	17.026	37.960
Coloroid_ATV_21_35_65	46.830	42.250	14.710	71.043	19.724	47.451
Coloroid_ATV_21_40_65	47.783	42.250	10.239	71.043	22.386	59.125
Coloroid_ATV_21_45_65	48.736	42.250	5.769	71.043	25.012	74.958
Coloroid_ATV_22_5_65	41.324	42.250	41.655	71.043	3.599	4.886
Coloroid_ATV_22_10_65	42.491	42.250	37.307	71.043	7.132	10.124
Coloroid_ATV_22_15_65	43.658	42.250	32.959	71.043	10.600	15.787
Coloroid_ATV_22_20_65	44.825	42.250	28.611	71.043	14.007	21.973
Coloroid_ATV_22_25_65	45.992	42.250	24.262	71.043	17.355	28.822
Coloroid_ATV_22_30_65	47.159	42.250	19.914	71.043	20.648	36.547
Coloroid_ATV_22_35_65	48.326	42.250	15.566	71.043	23.886	45.497
Coloroid_ATV_22_40_65	49.493	42.250	11.218	71.043	27.073	56.315
Coloroid_ATV_22_45_65	50.660	42.250	6.870	71.043	30.209	70.453
Coloroid_ATV_22_50_65	51.827	42.250	2.522	71.043	33.299	93.065
Coloroid_ATV_23_5_65	41.543	42.250	41.790	71.043	4.267	4.729
Coloroid_ATV_23_10_65	42.929	42.250	37.577	71.043	8.440	9.787
Coloroid_ATV_23_15_65	44.315	42.250	33.364	71.043	12.525	15.239
Coloroid_ATV_23_20_65	45.701	42.250	29.151	71.043	16.525	21.172
Coloroid_ATV_23_25_65	47.086	42.250	24.938	71.043	20.445	27.707
Coloroid_ATV_23_30_65	48.472	42.250	20.725	71.043	24.289	35.027
Coloroid_ATV_23_35_65	49.858	42.250	16.512	71.043	28.060	43.420
Coloroid_ATV_23_40_65	51.244	42.250	12.299	71.043	31.762	53.395
Coloroid_ATV_23_45_65	52.630	42.250	8.086	71.043	35.398	66.008
Coloroid_ATV_23_50_65	54.016	42.250	3.873	71.043	38.970	84.300
Coloroid_ATV_24_5_65	41.794	42.250	41.958	71.043	5.028	4.534
Coloroid_ATV_24_10_65	43.430	42.250	37.913	71.043	9.926	9.371
Coloroid_ATV_24_15_65	45.066	42.250	33.867	71.043	14.703	14.564
Coloroid_ATV_24_20_65	46.702	42.250	29.822	71.043	19.366	20.190
Coloroid_ATV_24_25_65	48.338	42.250	25.777	71.043	23.920	26.350
Coloroid_ATV_24_30_65	49.975	42.250	21.732	71.043	28.374	33.193
Coloroid_ATV_24_35_65	51.611	42.250	17.687	71.043	32.731	40.949
Coloroid_ATV_24_40_65	53.247	42.250	13.642	71.043	36.997	49.998
Coloroid_ATV_24_45_65	54.883	42.250	9.596	71.043	41.176	61.069
Coloroid_ATV_24_50_65	56.519	42.250	5.551	71.043	45.273	75.914
Coloroid_ATV_24_55_65	58.156	42.250	1.506	71.043	49.292	102.066
Coloroid_ATV_25_5_65	42.056	42.250	42.155	71.043	5.822	4.307
Coloroid_ATV_25_10_65	43.954	42.250	38.307	71.043	11.470	8.884
Coloroid_ATV_25_15_65	45.853	42.250	34.459	71.043	16.959	13.779
Coloroid_ATV_25_20_65	47.751	42.250	30.612	71.043	22.298	19.054
Coloroid_ATV_25_25_65	49.650	42.250	26.764	71.043	27.497	24.791
Coloroid_ATV_25_30_65	51.548	42.250	22.916	71.043	32.566	31.108
Coloroid_ATV_25_35_65	53.447	42.250	19.068	71.043	37.511	38.179
Coloroid_ATV_25_40_65	55.345	42.250	15.220	71.043	42.341	46.278
Coloroid_ATV_25_45_65	57.244	42.250	11.372	71.043	47.061	55.887
Coloroid_ATV_25_50_65	59.142	42.250	7.524	71.043	51.678	68.001
Coloroid_ATV_26_5_65	42.333	42.250	42.414	71.043	6.658	4.009
Coloroid_ATV_26_10_65	44.509	42.250	38.825	71.043	13.091	8.251
Coloroid_ATV_26_15_65	46.685	42.250	35.236	71.043	19.318	12.763
Coloroid_ATV_26_20_65	48.861	42.250	31.647	71.043	25.354	17.592
Coloroid_ATV_26_25_65	51.037	42.250	28.058	71.043	31.213	22.803
Coloroid_ATV_26_30_65	53.213	42.250	24.470	71.043	36.909	28.478
Coloroid_ATV_26_35_65	55.389	42.250	20.881	71.043	42.451	34.740
Coloroid_ATV_26_40_65	57.565	42.250	17.292	71.043	47.849	41.767
Coloroid_ATV_26_45_65	59.741	42.250	13.703	71.043	53.114	49.848
Coloroid_ATV_30_5_65	42.605	42.250	42.761	71.043	7.473	3.611
Coloroid_ATV_30_10_65	45.053	42.250	39.520	71.043	14.666	7.410
Coloroid_ATV_30_15_65	47.501	42.250	36.278	71.043	21.602	11.422
Coloroid_ATV_30_20_65	49.949	42.250	33.036	71.043	28.304	15.682
Coloroid_ATV_30_25_65	52.397	42.250	29.795	71.043	34.791	20.230
Coloroid_ATV_30_30_65	54.845	42.250	26.553	71.043	41.078	25.121
Coloroid_ATV_30_35_65	57.292	42.250	23.311	71.043	47.181	30.428
Coloroid_ATV_30_40_65	59.740	42.250	20.070	71.043	53.113	36.253
Coloroid_ATV_30_45_65	62.188	42.250	16.828	71.043	58.885	42.744
Coloroid_ATV_31_5_65	42.780	42.250	43.276	71.043	7.997	3.026
Coloroid_ATV_31_10_65	45.403	42.250	40.549	71.043	15.674	6.182
Coloroid_ATV_31_15_65	48.027	42.250	37.822	71.043	23.060	9.483
Coloroid_ATV_31_20_65	50.650	42.250	35.095	71.043	30.183	12.946
Coloroid_ATV_31_25_65	53.273	42.250	32.368	71.043	37.063	16.594
Coloroid_ATV_31_30_65	55.896	42.250	29.641	71.043	43.721	20.453
Coloroid_ATV_31_35_65	58.519	42.250	26.914	71.043	50.174	24.557
Coloroid_ATV_31_40_65	61.142	42.250	24.187	71.043	56.436	28.948
Coloroid_ATV_32_5_65	42.389	42.250	44.256	71.043	6.825	1.924
Coloroid_ATV_32_10_65	44.620	42.250	42.509	71.043	13.414	3.900
Coloroid_ATV_32_15_65	46.852	42.250	40.762	71.043	19.787	5.931
Coloroid_ATV_32_20_65	49.083	42.250	39.015	71.043	25.960	8.020
Coloroid_ATV_32_25_65	51.315	42.250	37.268	71.043	31.950	10.173
Coloroid_ATV_32_30_65	53.546	42.250	35.521	71.043	37.768	12.394
Coloroid_ATV_32_35_65	55.778	42.250	33.774	71.043	43.426	14.690
Coloroid_ATV_32_40_65	58.009	42.250	32.026	71.043	48.936	17.065
Coloroid_ATV_32_45_65	60.241	42.250	30.279	71.043	54.306	19.529
Coloroid_ATV_32_50_65	62.472	42.250	28.532	71.043	59.545	22.090
Coloroid_ATV_33_5_65	42.345	42.250	44.877	71.043	6.693	1.235
Coloroid_ATV_33_10_65	44.533	42.250	43.751	71.043	13.160	2.490
Coloroid_ATV_33_15_65	46.721	42.250	42.625	71.043	19.418	3.767
Coloroid_ATV_33_20_65	48.909	42.250	41.499	71.043	25.484	5.067
Coloroid_ATV_33_25_65	51.097	42.250	40.373	71.043	31.371	6.390
Coloroid_ATV_33_30_65	53.284	42.250	39.247	71.043	37.093	7.738
Coloroid_ATV_33_35_65	55.472	42.250	38.121	71.043	42.660	9.113
Coloroid_ATV_33_40_65	57.660	42.250	36.995	71.043	48.083	10.515
Coloroid_ATV_33_45_65	59.848	42.250	35.869	71.043	53.370	11.945
Coloroid_ATV_33_50_65	62.036	42.250	34.743	71.043	58.530	13.406
Coloroid_ATV_33_55_65	64.224	42.250	33.618	71.043	63.570	14.898
Coloroid_ATV_34_5_65	42.280	42.250	45.804	71.043	6.498	0.217
Coloroid_ATV_34_10_65	44.403	42.250	45.604	71.043	12.781	0.435
Coloroid_ATV_34_15_65	46.525	42.250	45.405	71.043	18.867	0.653
Coloroid_ATV_34_20_65	48.648	42.250	45.206	71.043	24.771	0.872
Coloroid_ATV_34_25_65	50.771	42.250	45.007	71.043	30.506	1.092
Coloroid_ATV_34_30_65	52.894	42.250	44.807	71.043	36.083	1.312
Coloroid_ATV_34_35_65	55.016	42.250	44.608	71.043	41.512	1.533
Coloroid_ATV_34_40_65	57.139	42.250	44.409	71.043	46.804	1.754
Coloroid_ATV_34_45_65	59.262	42.250	44.209	71.043	51.966	1.976
Coloroid_ATV_34_50_65	61.384	42.250	44.010	71.043	57.007	2.199
Coloroid_ATV_34_55_65	63.507	42.250	43.811	71.043	61.932	2.423
Coloroid_ATV_34_60_65	65.630	42.250	43.611	71.043	66.749	2.647
Coloroid_ATV_35_5_65	42.227	42.250	46.558	71.043	6.338	-0.601
Coloroid_ATV_35_10_65	44.297	42.250	47.112	71.043	12.472	-1.196
Coloroid_ATV_35_15_65	46.367	42.250	47.667	71.043	18.418	-1.788
Coloroid_ATV_35_20_65	48.436	42.250	48.221	71.043	24.190	-2.374
Coloroid_ATV_35_25_65	50.506	42.250	48.776	71.043	29.799	-2.956
Coloroid_ATV_35_30_65	52.576	42.250	49.330	71.043	35.257	-3.534
Coloroid_ATV_35_35_65	54.645	42.250	49.885	71.043	40.574	-4.107
Coloroid_ATV_35_40_65	56.715	42.250	50.439	71.043	45.758	-4.677
Coloroid_ATV_35_45_65	58.785	42.250	50.994	71.043	50.817	-5.242
Coloroid_ATV_35_50_65	60.855	42.250	51.548	71.043	55.759	-5.803
Coloroid_ATV_35_55_65	62.924	42.250	52.103	71.043	60.591	-6.360
Coloroid_ATV_35_60_65	64.994	42.250	52.657	71.043	65.317	-6.913
Coloroid_ATV_35_65_65	67.064	42.250	53.212	71.043	69.944	-7.462
Coloroid_ATV_40_5_65	42.182	42.250	47.201	71.043	6.202	-1.292
Coloroid_ATV_40_10_65	44.206	42.250	48.400	71.043	12.208	-2.562
Coloroid_ATV_40_15_65	46.231	42.250	49.598	71.043	18.034	-3.812
Coloroid_ATV_40_20_65	48.255	42.250	50.797	71.043	23.691	-5.041
Coloroid_ATV_40_25_65	50.280	42.250	51.995	71.043	29.193	-6.252
Coloroid_ATV_40_30_65	52.304	42.250	53.193	71.043	34.549	-7.444
Coloroid_ATV_40_35_65	54.329	42.250	54.392	71.043	39.769	-8.618
Coloroid_ATV_40_40_65	56.353	42.250	55.590	71.043	44.860	-9.775
Coloroid_ATV_40_45_65	58.377	42.250	56.789	71.043	49.831	-10.915
Coloroid_ATV_40_50_65	60.402	42.250	57.987	71.043	54.688	-12.040
Coloroid_ATV_40_55_65	62.426	42.250	59.186	71.043	59.438	-13.149
Coloroid_ATV_40_60_65	64.451	42.250	60.384	71.043	64.087	-14.244
Coloroid_ATV_40_65_65	66.475	42.250	61.582	71.043	68.639	-15.323
Coloroid_ATV_40_70_65	68.500	42.250	62.781	71.043	73.099	-16.389
Coloroid_ATV_41_5_65	42.140	42.250	47.803	71.043	6.074	-1.932
Coloroid_ATV_41_10_65	44.122	42.250	49.603	71.043	11.961	-3.817
Coloroid_ATV_41_15_65	46.104	42.250	51.403	71.043	17.674	-5.656
Coloroid_ATV_41_20_65	48.086	42.250	53.203	71.043	23.225	-7.453
Coloroid_ATV_41_25_65	50.068	42.250	55.003	71.043	28.626	-9.210
Coloroid_ATV_41_30_65	52.050	42.250	56.802	71.043	33.886	-10.928
Coloroid_ATV_41_35_65	54.033	42.250	58.602	71.043	39.014	-12.611
Coloroid_ATV_41_40_65	56.015	42.250	60.402	71.043	44.018	-14.260
Coloroid_ATV_41_45_65	57.997	42.250	62.202	71.043	48.906	-15.877
Coloroid_ATV_41_50_65	59.979	42.250	64.002	71.043	53.683	-17.462
Coloroid_ATV_41_55_65	61.961	42.250	65.802	71.043	58.356	-19.018
Coloroid_ATV_41_60_65	63.943	42.250	67.602	71.043	62.931	-20.546
Coloroid_ATV_41_65_65	65.926	42.250	69.402	71.043	67.412	-22.047
Coloroid_ATV_41_70_65	67.908	42.250	71.202	71.043	71.804	-23.522
Coloroid_ATV_41_75_65	69.890	42.250	73.002	71.043	76.111	-24.973
Coloroid_ATV_42_5_65	42.097	42.250	48.412	71.043	5.945	-2.575
Coloroid_ATV_42_10_65	44.036	42.250	50.821	71.043	11.710	-5.066
Coloroid_ATV_42_15_65	45.975	42.250	53.230	71.043	17.308	-7.479
Coloroid_ATV_42_20_65	47.915	42.250	55.638	71.043	22.751	-9.821
Coloroid_ATV_42_25_65	49.854	42.250	58.047	71.043	28.049	-12.096
Coloroid_ATV_42_30_65	51.794	42.250	60.456	71.043	33.212	-14.309
Coloroid_ATV_42_35_65	53.733	42.250	62.865	71.043	38.247	-16.464
Coloroid_ATV_42_40_65	55.672	42.250	65.274	71.043	43.162	-18.564
Coloroid_ATV_42_45_65	57.612	42.250	67.683	71.043	47.965	-20.614
Coloroid_ATV_42_50_65	59.551	42.250	70.092	71.043	52.660	-22.615
Coloroid_ATV_42_55_65	61.490	42.250	72.501	71.043	57.255	-24.571
Coloroid_ATV_42_60_65	63.430	42.250	74.909	71.043	61.755	-26.485
Coloroid_ATV_42_65_65	65.369	42.250	77.318	71.043	66.163	-28.357
Coloroid_ATV_42_70_65	67.309	42.250	79.727	71.043	70.485	-30.191
Coloroid_ATV_42_75_65	69.248	42.250	82.136	71.043	74.725	-31.989
Coloroid_ATV_42_80_65	71.187	42.250	84.545	71.043	78.887	-33.751
Coloroid_ATV_43_5_65	42.050	42.250	49.079	71.043	5.804	-3.273
Coloroid_ATV_43_10_65	43.942	42.250	52.154	71.043	11.435	-6.411
Coloroid_ATV_43_15_65	45.835	42.250	55.230	71.043	16.908	-9.429
Coloroid_ATV_43_20_65	47.727	42.250	58.306	71.043	22.232	-12.337
Coloroid_ATV_43_25_65	49.620	42.250	61.382	71.043	27.417	-15.144
Coloroid_ATV_43_30_65	51.512	42.250	64.457	71.043	32.471	-17.858
Coloroid_ATV_43_35_65	53.405	42.250	67.533	71.043	37.404	-20.488
Coloroid_ATV_43_40_65	55.297	42.250	70.609	71.043	42.221	-23.039
Coloroid_ATV_43_45_65	57.190	42.250	73.685	71.043	46.929	-25.517
Coloroid_ATV_43_50_65	59.082	42.250	76.760	71.043	51.535	-27.927
Coloroid_ATV_43_55_65	60.975	42.250	79.836	71.043	56.043	-30.273
Coloroid_ATV_43_60_65	62.867	42.250	82.912	71.043	60.459	-32.560
Coloroid_ATV_43_65_65	64.760	42.250	85.988	71.043	64.787	-34.791
Coloroid_ATV_43_70_65	66.652	42.250	89.063	71.043	69.032	-36.970
Coloroid_ATV_43_75_65	68.545	42.250	92.139	71.043	73.197	-39.098
Coloroid_ATV_43_80_65	70.437	42.250	95.215	71.043	77.286	-41.180
Coloroid_ATV_44_5_65	41.999	42.250	49.807	71.043	5.649	-4.027
Coloroid_ATV_44_10_65	43.840	42.250	53.610	71.043	11.135	-7.854
Coloroid_ATV_44_15_65	45.681	42.250	57.414	71.043	16.470	-11.504
Coloroid_ATV_44_20_65	47.523	42.250	61.217	71.043	21.663	-14.996
Coloroid_ATV_44_25_65	49.364	42.250	65.021	71.043	26.724	-18.346
Coloroid_ATV_44_30_65	51.205	42.250	68.825	71.043	31.660	-21.568
Coloroid_ATV_44_35_65	53.047	42.250	72.628	71.043	36.479	-24.674
Coloroid_ATV_44_40_65	54.888	42.250	76.432	71.043	41.188	-27.673
Coloroid_ATV_44_45_65	56.729	42.250	80.236	71.043	45.793	-30.574
Coloroid_ATV_44_50_65	58.571	42.250	84.039	71.043	50.299	-33.384
Coloroid_ATV_44_55_65	60.412	42.250	87.843	71.043	54.712	-36.111
Coloroid_ATV_44_60_65	62.253	42.250	91.646	71.043	59.036	-38.761
Coloroid_ATV_44_65_65	64.095	42.250	95.450	71.043	63.276	-41.338
Coloroid_ATV_44_70_65	65.936	42.250	99.254	71.043	67.435	-43.847
Coloroid_ATV_45_5_65	41.940	42.250	50.644	71.043	5.471	-4.886
Coloroid_ATV_45_10_65	43.722	42.250	55.286	71.043	10.789	-9.482
Coloroid_ATV_45_15_65	45.505	42.250	59.927	71.043	15.964	-13.828
Coloroid_ATV_45_20_65	47.287	42.250	64.568	71.043	21.006	-17.955
Coloroid_ATV_45_25_65	49.070	42.250	69.210	71.043	25.923	-21.888
Coloroid_ATV_45_30_65	50.852	42.250	73.851	71.043	30.722	-25.649
Coloroid_ATV_45_35_65	52.634	42.250	78.492	71.043	35.410	-29.256
Coloroid_ATV_45_40_65	54.417	42.250	83.134	71.043	39.994	-32.723
Coloroid_ATV_45_45_65	56.199	42.250	87.775	71.043	44.478	-36.063
Coloroid_ATV_45_50_65	57.982	42.250	92.416	71.043	48.869	-39.288
Coloroid_ATV_45_55_65	59.764	42.250	97.058	71.043	53.170	-42.406
Coloroid_ATV_45_60_65	61.547	42.250	101.699	71.043	57.387	-45.427
Coloroid_ATV_46_5_65	41.815	42.250	52.423	71.043	5.092	-6.680
Coloroid_ATV_46_10_65	43.472	42.250	58.843	71.043	10.052	-12.834
Coloroid_ATV_46_15_65	45.130	42.250	65.263	71.043	14.887	-18.555
Coloroid_ATV_46_20_65	46.787	42.250	71.683	71.043	19.604	-23.912
Coloroid_ATV_46_25_65	48.444	42.250	78.103	71.043	24.212	-28.959
Coloroid_ATV_46_30_65	50.102	42.250	84.523	71.043	28.716	-33.736
Coloroid_ATV_46_35_65	51.759	42.250	90.943	71.043	33.122	-38.276
Coloroid_ATV_46_40_65	53.417	42.250	97.363	71.043	37.434	-42.608
Coloroid_ATV_46_45_65	55.074	42.250	103.783	71.043	41.658	-46.753
Coloroid_ATV_50_5_65	41.658	42.250	54.657	71.043	4.616	-8.875
Coloroid_ATV_50_10_65	43.158	42.250	63.310	71.043	9.122	-16.856
Coloroid_ATV_50_15_65	44.659	42.250	71.964	71.043	13.525	-24.140
Coloroid_ATV_50_20_65	46.159	42.250	80.618	71.043	17.830	-30.860
Coloroid_ATV_50_25_65	47.659	42.250	89.271	71.043	22.043	-37.115
Coloroid_ATV_50_30_65	49.160	42.250	97.925	71.043	26.169	-42.978
Coloroid_ATV_51_5_65	40.798	42.250	52.298	71.043	1.984	-6.555
Coloroid_ATV_51_10_65	41.438	42.250	58.594	71.043	3.947	-12.603
Coloroid_ATV_51_15_65	42.078	42.250	64.889	71.043	5.890	-18.232
Coloroid_ATV_51_20_65	42.719	42.250	71.184	71.043	7.813	-23.508
Coloroid_ATV_51_25_65	43.359	42.250	77.479	71.043	9.717	-28.481
Coloroid_ATV_51_30_65	43.999	42.250	83.775	71.043	11.602	-33.192
Coloroid_ATV_51_35_65	44.640	42.250	90.070	71.043	13.470	-37.672
Coloroid_ATV_51_40_65	45.280	42.250	96.365	71.043	15.319	-41.948
Coloroid_ATV_51_45_65	45.920	42.250	102.660	71.043	17.151	-46.041
Coloroid_ATV_52_5_65	40.299	42.250	50.478	71.043	0.441	-4.716
Coloroid_ATV_52_10_65	40.441	42.250	54.952	71.043	0.881	-9.161
Coloroid_ATV_52_15_65	40.583	42.250	59.427	71.043	1.321	-13.371
Coloroid_ATV_52_20_65	40.725	42.250	63.902	71.043	1.759	-17.374
Coloroid_ATV_52_25_65	40.867	42.250	68.376	71.043	2.196	-21.195
Coloroid_ATV_52_30_65	41.009	42.250	72.851	71.043	2.632	-24.852
Coloroid_ATV_52_35_65	41.150	42.250	77.326	71.043	3.067	-28.363
Coloroid_ATV_52_40_65	41.292	42.250	81.800	71.043	3.501	-31.740
Coloroid_ATV_52_45_65	41.434	42.250	86.275	71.043	3.935	-34.997
Coloroid_ATV_52_50_65	41.576	42.250	90.750	71.043	4.367	-38.143
Coloroid_ATV_52_55_65	41.718	42.250	95.224	71.043	4.798	-41.187
Coloroid_ATV_52_60_65	41.860	42.250	99.699	71.043	5.228	-44.137
Coloroid_ATV_52_65_65	42.001	42.250	104.174	71.043	5.657	-47.000
Coloroid_ATV_53_5_65	40.023	42.250	49.484	71.043	-0.417	-3.694
Coloroid_ATV_53_10_65	39.890	42.250	52.965	71.043	-0.836	-7.218
Coloroid_ATV_53_15_65	39.756	42.250	56.446	71.043	-1.255	-10.591
Coloroid_ATV_53_20_65	39.622	42.250	59.927	71.043	-1.675	-13.828
Coloroid_ATV_53_25_65	39.488	42.250	63.409	71.043	-2.097	-16.942
Coloroid_ATV_53_30_65	39.354	42.250	66.890	71.043	-2.519	-19.945
Coloroid_ATV_53_35_65	39.220	42.250	70.371	71.043	-2.942	-22.844
Coloroid_ATV_53_40_65	39.086	42.250	73.852	71.043	-3.366	-25.650
Coloroid_ATV_53_45_65	38.952	42.250	77.333	71.043	-3.791	-28.368
Coloroid_ATV_53_50_65	38.818	42.250	80.814	71.043	-4.217	-31.007
Coloroid_ATV_53_55_65	38.685	42.250	84.295	71.043	-4.644	-33.570
Coloroid_ATV_53_60_65	38.551	42.250	87.776	71.043	-5.072	-36.064
Coloroid_ATV_53_65_65	38.417	42.250	91.257	71.043	-5.501	-38.493
Coloroid_ATV_53_70_65	38.283	42.250	94.738	71.043	-5.931	-40.861
Coloroid_ATV_53_75_65	38.149	42.250	98.219	71.043	-6.362	-43.171
Coloroid_ATV_53_80_65	38.015	42.250	101.701	71.043	-6.794	-45.428
Coloroid_ATV_53_85_65	37.881	42.250	105.182	71.043	-7.227	-47.634
Coloroid_ATV_54_5_65	39.836	42.250	48.821	71.043	-1.003	-3.004
Coloroid_ATV_54_10_65	39.515	42.250	51.640	71.043	-2.012	-5.895
Coloroid_ATV_54_15_65	39.193	42.250	54.458	71.043	-3.026	-8.683
Coloroid_ATV_54_20_65	38.872	42.250	57.277	71.043	-4.046	-11.375
Coloroid_ATV_54_25_65	38.551	42.250	60.095	71.043	-5.071	-13.981
Coloroid_ATV_54_30_65	38.230	42.250	62.914	71.043	-6.103	-16.507
Coloroid_ATV_54_35_65	37.908	42.250	65.732	71.043	-7.139	-18.958
Coloroid_ATV_54_40_65	37.587	42.250	68.551	71.043	-8.182	-21.341
Coloroid_ATV_54_45_65	37.266	42.250	71.369	71.043	-9.231	-23.658
Coloroid_ATV_54_50_65	36.944	42.250	74.188	71.043	-10.286	-25.916
Coloroid_ATV_54_55_65	36.623	42.250	77.006	71.043	-11.347	-28.117
Coloroid_ATV_54_60_65	36.302	42.250	79.825	71.043	-12.414	-30.265
Coloroid_ATV_54_65_65	35.980	42.250	82.643	71.043	-13.487	-32.363
Coloroid_ATV_54_70_65	35.659	42.250	85.462	71.043	-14.567	-34.414
Coloroid_ATV_54_75_65	35.338	42.250	88.280	71.043	-15.654	-36.420
Coloroid_ATV_54_80_65	35.017	42.250	91.099	71.043	-16.747	-38.384
Coloroid_ATV_54_85_65	34.695	42.250	93.917	71.043	-17.846	-40.308
Coloroid_ATV_54_90_65	34.374	42.250	96.736	71.043	-18.953	-42.193
Coloroid_ATV_54_95_65	34.053	42.250	99.554	71.043	-20.066	-44.043
Coloroid_ATV_55_5_65	39.688	42.250	48.313	71.043	-1.469	-2.471
Coloroid_ATV_55_10_65	39.218	42.250	50.623	71.043	-2.949	-4.864
Coloroid_ATV_55_15_65	38.748	42.250	52.933	71.043	-4.441	-7.186
Coloroid_ATV_55_20_65	38.278	42.250	55.243	71.043	-5.945	-9.441
Coloroid_ATV_55_25_65	37.809	42.250	57.553	71.043	-7.462	-11.634
Coloroid_ATV_55_30_65	37.339	42.250	59.863	71.043	-8.991	-13.770
Coloroid_ATV_55_35_65	36.869	42.250	62.173	71.043	-10.533	-15.850
Coloroid_ATV_55_40_65	36.399	42.250	64.483	71.043	-12.089	-17.880
Coloroid_ATV_55_45_65	35.930	42.250	66.793	71.043	-13.657	-19.863
Coloroid_ATV_55_50_65	35.460	42.250	69.103	71.043	-15.240	-21.799
Coloroid_ATV_55_55_65	34.990	42.250	71.413	71.043	-16.836	-23.694
Coloroid_ATV_55_60_65	34.521	42.250	73.723	71.043	-18.447	-25.547
Coloroid_ATV_55_65_65	34.051	42.250	76.033	71.043	-20.073	-27.363
Coloroid_ATV_55_70_65	33.581	42.250	78.343	71.043	-21.713	-29.142
Coloroid_ATV_55_75_65	33.111	42.250	80.653	71.043	-23.369	-30.886
Coloroid_ATV_55_80_65	32.642	42.250	82.963	71.043	-25.041	-32.598
Coloroid_ATV_55_85_65	32.172	42.250	85.273	71.043	-26.728	-34.278
Coloroid_ATV_55_90_65	31.702	42.250	87.583	71.043	-28.433	-35.927
Coloroid_ATV_55_95_65	31.232	42.250	89.893	71.043	-30.154	-37.548
Coloroid_ATV_56_5_65	39.497	42.250	47.696	71.043	-2.068	-1.819
Coloroid_ATV_56_10_65	38.837	42.250	49.389	71.043	-4.159	-3.595
Coloroid_ATV_56_15_65	38.176	42.250	51.081	71.043	-6.274	-5.331
Coloroid_ATV_56_20_65	37.516	42.250	52.774	71.043	-8.413	-7.029
Coloroid_ATV_56_25_65	36.856	42.250	54.467	71.043	-10.578	-8.691
Coloroid_ATV_56_30_65	36.195	42.250	56.160	71.043	-12.769	-10.319
Coloroid_ATV_56_35_65	35.535	42.250	57.852	71.043	-14.987	-11.914
Coloroid_ATV_56_40_65	34.875	42.250	59.545	71.043	-17.232	-13.479
Coloroid_ATV_56_45_65	34.214	42.250	61.238	71.043	-19.505	-15.015
Coloroid_ATV_56_50_65	33.554	42.250	62.931	71.043	-21.809	-16.522
Coloroid_ATV_56_55_65	32.893	42.250	64.623	71.043	-24.142	-18.002
Coloroid_ATV_56_60_65	32.233	42.250	66.316	71.043	-26.507	-19.457
Coloroid_ATV_56_65_65	31.573	42.250	68.009	71.043	-28.905	-20.888
Coloroid_ATV_56_70_65	30.912	42.250	69.702	71.043	-31.336	-22.295
Coloroid_ATV_56_75_65	30.252	42.250	71.395	71.043	-33.802	-23.679
Coloroid_ATV_56_80_65	29.592	42.250	73.087	71.043	-36.304	-25.041
Coloroid_ATV_56_85_65	28.931	42.250	74.780	71.043	-38.844	-26.383
Coloroid_ATV_56_90_65	28.271	42.250	76.473	71.043	-41.423	-27.704
Coloroid_ATV_56_95_65	27.611	42.250	78.166	71.043	-44.042	-29.007
Coloroid_ATV_60_5_65	39.305	42.250	47.130	71.043	-2.674	-1.216
Coloroid_ATV_60_10_65	38.452	42.250	48.257	71.043	-5.387	-2.412
Coloroid_ATV_60_15_65	37.600	42.250	49.384	71.043	-8.141	-3.590
Coloroid_ATV_60_20_65	36.747	42.250	50.511	71.043	-10.936	-4.750
Coloroid_ATV_60_25_65	35.895	42.250	51.638	71.043	-13.775	-5.894
Coloroid_ATV_60_30_65	35.042	42.250	52.765	71.043	-16.660	-7.020
Coloroid_ATV_60_35_65	34.189	42.250	53.892	71.043	-19.591	-8.131
Coloroid_ATV_60_40_65	33.337	42.250	55.020	71.043	-22.572	-9.226
Coloroid_ATV_60_45_65	32.484	42.250	56.147	71.043	-25.604	-10.306
Coloroid_ATV_60_50_65	31.632	42.250	57.274	71.043	-28.690	-11.372
Coloroid_ATV_60_55_65	30.779	42.250	58.401	71.043	-31.831	-12.425
Coloroid_ATV_60_60_65	29.926	42.250	59.528	71.043	-35.031	-13.463
Coloroid_ATV_60_65_65	29.074	42.250	60.655	71.043	-38.292	-14.489
Coloroid_ATV_60_70_65	28.221	42.250	61.782	71.043	-41.618	-15.502
Coloroid_ATV_60_75_65	27.369	42.250	62.909	71.043	-45.012	-16.503
Coloroid_ATV_60_80_65	26.516	42.250	64.036	71.043	-48.476	-17.492
Coloroid_ATV_60_85_65	25.664	42.250	65.163	71.043	-52.016	-18.469
Coloroid_ATV_60_90_65	24.811	42.250	66.290	71.043	-55.635	-19.435
Coloroid_ATV_60_95_65	23.958	42.250	67.417	71.043	-59.338	-20.390
Coloroid_ATV_61_5_65	39.153	42.250	46.728	71.043	-3.155	-0.784
Coloroid_ATV_61_10_65	38.148	42.250	47.453	71.043	-6.364	-1.560
Coloroid_ATV_61_15_65	37.144	42.250	48.178	71.043	-9.630	-2.329
Coloroid_ATV_61_20_65	36.139	42.250	48.903	71.043	-12.955	-3.090
Coloroid_ATV_61_25_65	35.135	42.250	49.628	71.043	-16.343	-3.843
Coloroid_ATV_61_30_65	34.130	42.250	50.353	71.043	-19.796	-4.589
Coloroid_ATV_61_35_65	33.126	42.250	51.078	71.043	-23.317	-5.327
Coloroid_ATV_61_40_65	32.121	42.250	51.803	71.043	-26.910	-6.059
Coloroid_ATV_61_45_65	31.117	42.250	52.528	71.043	-30.579	-6.784
Coloroid_ATV_61_50_65	30.112	42.250	53.253	71.043	-34.328	-7.503
Coloroid_ATV_61_55_65	29.108	42.250	53.978	71.043	-38.161	-8.214
Coloroid_ATV_61_60_65	28.103	42.250	54.703	71.043	-42.084	-8.920
Coloroid_ATV_61_65_65	27.099	42.250	55.428	71.043	-46.100	-9.619
Coloroid_ATV_61_70_65	26.094	42.250	56.153	71.043	-50.218	-10.313
Coloroid_ATV_61_75_65	25.090	42.250	56.878	71.043	-54.443	-11.000
Coloroid_ATV_61_80_65	24.085	42.250	57.603	71.043	-58.781	-11.681
Coloroid_ATV_61_85_65	23.081	42.250	58.328	71.043	-63.243	-12.357
Coloroid_ATV_61_90_65	22.076	42.250	59.053	71.043	-67.835	-13.027
Coloroid_ATV_61_95_65	21.072	42.250	59.778	71.043	-72.569	-13.692
Coloroid_ATV_62_5_65	38.983	42.250	46.318	71.043	-3.694	-0.341
Coloroid_ATV_62_10_65	37.808	42.250	46.632	71.043	-7.464	-0.681
Coloroid_ATV_62_15_65	36.633	42.250	46.947	71.043	-11.312	-1.020
Coloroid_ATV_62_20_65	35.459	42.250	47.262	71.043	-15.244	-1.356
Coloroid_ATV_62_25_65	34.284	42.250	47.576	71.043	-19.263	-1.692
Coloroid_ATV_62_30_65	33.110	42.250	47.891	71.043	-23.375	-2.026
Coloroid_ATV_62_35_65	31.935	42.250	48.206	71.043	-27.586	-2.358
Coloroid_ATV_62_40_65	30.760	42.250	48.520	71.043	-31.901	-2.689
Coloroid_ATV_62_45_65	29.586	42.250	48.835	71.043	-36.327	-3.019
Coloroid_ATV_62_50_65	28.411	42.250	49.150	71.043	-40.873	-3.347
Coloroid_ATV_62_55_65	27.236	42.250	49.464	71.043	-45.545	-3.673
Coloroid_ATV_62_60_65	26.062	42.250	49.779	71.043	-50.354	-3.999
Coloroid_ATV_62_65_65	24.887	42.250	50.094	71.043	-55.309	-4.323
Coloroid_ATV_62_70_65	23.712	42.250	50.409	71.043	-60.423	-4.645
Coloroid_ATV_62_75_65	22.538	42.250	50.723	71.043	-65.709	-4.967
Coloroid_ATV_62_80_65	21.363	42.250	51.038	71.043	-71.181	-5.287
Coloroid_ATV_62_85_65	20.189	42.250	51.353	71.043	-76.859	-5.605
Coloroid_ATV_62_90_65	19.014	42.250	51.667	71.043	-82.760	-5.923
Coloroid_ATV_62_95_65	17.839	42.250	51.982	71.043	-88.911	-6.239
Coloroid_ATV_63_5_65	38.762	42.250	45.836	71.043	-4.396	0.182
Coloroid_ATV_63_10_65	37.367	42.250	45.669	71.043	-8.899	0.364
Coloroid_ATV_63_15_65	35.972	42.250	45.502	71.043	-13.516	0.547
Coloroid_ATV_63_20_65	34.577	42.250	45.335	71.043	-18.253	0.730
Coloroid_ATV_63_25_65	33.182	42.250	45.167	71.043	-23.120	0.914
Coloroid_ATV_63_30_65	31.787	42.250	45.000	71.043	-28.125	1.098
Coloroid_ATV_63_35_65	30.391	42.250	44.833	71.043	-33.279	1.283
Coloroid_ATV_63_40_65	28.996	42.250	44.666	71.043	-38.593	1.468
Coloroid_ATV_63_45_65	27.601	42.250	44.499	71.043	-44.080	1.654
Coloroid_ATV_63_50_65	26.206	42.250	44.332	71.043	-49.756	1.840
Coloroid_ATV_63_55_65	24.811	42.250	44.165	71.043	-55.636	2.026
Coloroid_ATV_63_60_65	23.416	42.250	43.998	71.043	-61.742	2.213
Coloroid_ATV_63_65_65	22.020	42.250	43.831	71.043	-68.095	2.400
Coloroid_ATV_63_70_65	20.625	42.250	43.664	71.043	-74.722	2.588
Coloroid_ATV_63_75_65	19.230	42.250	43.496	71.043	-81.656	2.777
Coloroid_ATV_63_80_65	17.835	42.250	43.329	71.043	-88.933	2.966
Coloroid_ATV_63_85_65	16.440	42.250	43.162	71.043	-96.601	3.155
Coloroid_ATV_64_5_65	38.429	42.250	45.200	71.043	-5.463	0.879
Coloroid_ATV_64_10_65	36.700	42.250	44.396	71.043	-11.092	1.768
Coloroid_ATV_64_15_65	34.971	42.250	43.593	71.043	-16.901	2.668
Coloroid_ATV_64_20_65	33.242	42.250	42.790	71.043	-22.905	3.579
Coloroid_ATV_64_25_65	31.514	42.250	41.986	71.043	-29.120	4.502
Coloroid_ATV_64_30_65	29.785	42.250	41.183	71.043	-35.568	5.436
Coloroid_ATV_64_35_65	28.056	42.250	40.380	71.043	-42.270	6.383
Coloroid_ATV_64_40_65	26.328	42.250	39.576	71.043	-49.253	7.342
Coloroid_ATV_64_45_65	24.599	42.250	38.773	71.043	-56.549	8.314
Coloroid_ATV_64_50_65	22.870	42.250	37.969	71.043	-64.195	9.300
Coloroid_ATV_64_55_65	21.141	42.250	37.166	71.043	-72.237	10.300
Coloroid_ATV_64_60_65	19.413	42.250	36.363	71.043	-80.730	11.315
Coloroid_ATV_64_65_65	17.684	42.250	35.559	71.043	-89.744	12.344
Coloroid_ATV_64_70_65	15.955	42.250	34.756	71.043	-99.366	13.389
Coloroid_ATV_64_75_65	14.227	42.250	33.953	71.043	-109.710	14.451
Coloroid_ATV_65_5_65	37.881	42.250	44.186	71.043	-7.227	2.002
Coloroid_ATV_65_10_65	35.605	42.250	42.369	71.043	-14.749	4.061
Coloroid_ATV_65_15_65	33.329	42.250	40.552	71.043	-22.599	6.178
Coloroid_ATV_65_20_65	31.053	42.250	38.735	71.043	-30.816	8.361
Coloroid_ATV_65_25_65	28.777	42.250	36.918	71.043	-39.444	10.612
Coloroid_ATV_65_30_65	26.501	42.250	35.101	71.043	-48.540	12.939
Coloroid_ATV_65_35_65	24.225	42.250	33.284	71.043	-58.173	15.347
Coloroid_ATV_65_40_65	21.948	42.250	31.467	71.043	-68.430	17.845
Coloroid_ATV_65_45_65	19.672	42.250	29.650	71.043	-79.423	20.440
Coloroid_ATV_65_50_65	17.396	42.250	27.833	71.043	-91.301	23.145
Coloroid_ATV_65_55_65	15.120	42.250	26.016	71.043	-104.265	25.969
Coloroid_ATV_65_60_65	12.844	42.250	24.199	71.043	-118.605	28.928
Coloroid_ATV_66_5_65	37.082	42.250	42.480	71.043	-9.833	3.933
Coloroid_ATV_66_10_65	34.007	42.250	38.958	71.043	-20.225	8.089
Coloroid_ATV_66_15_65	30.932	42.250	35.435	71.043	-31.264	12.504
Coloroid_ATV_66_20_65	27.856	42.250	31.913	71.043	-43.062	17.223
Coloroid_ATV_66_25_65	24.781	42.250	28.390	71.043	-55.763	22.303
Coloroid_ATV_66_30_65	21.706	42.250	24.868	71.043	-69.564	27.822
Coloroid_ATV_66_35_65	18.631	42.250	21.345	71.043	-84.737	33.891
Coloroid_ATV_66_40_65	15.556	42.250	17.823	71.043	-101.688	40.670
Coloroid_ATV_66_45_65	12.480	42.250	14.300	71.043	-121.049	48.413
Coloroid_ATV_70_5_65	36.966	42.250	41.096	71.043	-10.214	5.537
Coloroid_ATV_70_10_65	33.775	42.250	36.190	71.043	-21.035	11.535
Coloroid_ATV_70_15_65	30.583	42.250	31.283	71.043	-32.560	18.102
Coloroid_ATV_70_20_65	27.392	42.250	26.377	71.043	-44.918	25.398
Coloroid_ATV_70_25_65	24.201	42.250	21.470	71.043	-58.277	33.665
Coloroid_ATV_70_30_65	21.010	42.250	16.564	71.043	-72.868	43.309
Coloroid_ATV_70_35_65	17.818	42.250	11.657	71.043	-89.023	55.107
Coloroid_ATV_70_40_65	14.627	42.250	6.750	71.043	-107.243	70.918
Coloroid_ATV_71_5_65	37.477	42.250	40.661	71.043	-8.540	6.050
Coloroid_ATV_71_10_65	34.797	42.250	35.319	71.043	-17.497	12.656
Coloroid_ATV_71_15_65	32.117	42.250	29.977	71.043	-26.927	19.966
Coloroid_ATV_71_20_65	29.437	42.250	24.634	71.043	-36.897	28.206
Coloroid_ATV_71_25_65	26.757	42.250	19.292	71.043	-47.492	37.742
Coloroid_ATV_71_30_65	24.076	42.250	13.950	71.043	-58.820	49.249
Coloroid_ATV_71_35_65	21.396	42.250	8.608	71.043	-71.024	64.237
Coloroid_ATV_72_5_65	38.044	42.250	40.586	71.043	-6.702	6.138
Coloroid_ATV_72_10_65	35.930	42.250	35.169	71.043	-13.656	12.849
Coloroid_ATV_72_15_65	33.816	42.250	29.753	71.043	-20.890	20.291
Coloroid_ATV_72_20_65	31.703	42.250	24.336	71.043	-28.431	28.700
Coloroid_ATV_72_25_65	29.589	42.250	18.919	71.043	-36.315	38.471
Coloroid_ATV_72_30_65	27.475	42.250	13.502	71.043	-44.585	50.339
Coloroid_ATV_72_35_65	25.361	42.250	8.086	71.043	-53.290	66.009
Coloroid_ATV_73_5_65	38.471	42.250	40.614	71.043	-5.326	6.105
Coloroid_ATV_73_10_65	36.785	42.250	35.225	71.043	-10.810	12.777
Coloroid_ATV_73_15_65	35.099	42.250	29.837	71.043	-16.464	20.169
Coloroid_ATV_73_20_65	33.413	42.250	24.448	71.043	-22.302	28.514
Coloroid_ATV_73_25_65	31.727	42.250	19.059	71.043	-28.340	38.196
Coloroid_ATV_73_30_65	30.041	42.250	13.670	71.043	-34.596	49.928
Coloroid_ATV_73_35_65	28.355	42.250	8.281	71.043	-41.091	65.336
Coloroid_ATV_73_40_65	26.669	42.250	2.893	71.043	-47.849	90.397
Coloroid_ATV_74_5_65	38.814	42.250	40.672	71.043	-4.232	6.037
Coloroid_ATV_74_10_65	37.470	42.250	35.340	71.043	-8.562	12.628
Coloroid_ATV_74_15_65	36.127	42.250	30.008	71.043	-12.998	19.920
Coloroid_ATV_74_20_65	34.783	42.250	24.677	71.043	-17.544	28.136
Coloroid_ATV_74_25_65	33.440	42.250	19.345	71.043	-22.210	37.639
Coloroid_ATV_74_30_65	32.096	42.250	14.014	71.043	-27.002	49.095
Coloroid_ATV_74_35_65	30.753	42.250	8.682	71.043	-31.930	63.990
Coloroid_ATV_74_40_65	29.409	42.250	3.351	71.043	-37.003	87.398
Coloroid_ATV_75_5_65	39.088	42.250	40.733	71.043	-3.359	5.964
Coloroid_ATV_75_10_65	38.019	42.250	35.463	71.043	-6.780	12.468
Coloroid_ATV_75_15_65	36.950	42.250	30.194	71.043	-10.266	19.653
Coloroid_ATV_75_20_65	35.881	42.250	24.924	71.043	-13.819	27.730
Coloroid_ATV_75_25_65	34.812	42.250	19.654	71.043	-17.444	37.044
Coloroid_ATV_75_30_65	33.743	42.250	14.384	71.043	-21.144	48.213
Coloroid_ATV_75_35_65	32.674	42.250	9.114	71.043	-24.923	62.585
Coloroid_ATV_75_40_65	31.605	42.250	3.845	71.043	-28.785	84.460
Coloroid_ATV_76_5_65	39.323	42.250	40.795	71.043	-2.616	5.891
Coloroid_ATV_76_10_65	38.489	42.250	35.588	71.043	-5.269	12.307
Coloroid_ATV_76_15_65	37.655	42.250	30.380	71.043	-7.961	19.384
Coloroid_ATV_76_20_65	36.821	42.250	25.173	71.043	-10.693	27.324
Coloroid_ATV_76_25_65	35.987	42.250	19.965	71.043	-13.466	36.450
Coloroid_ATV_76_30_65	35.153	42.250	14.758	71.043	-16.283	47.339
Coloroid_ATV_76_35_65	34.319	42.250	9.550	71.043	-19.144	61.212
Coloroid_ATV_76_40_65	33.484	42.250	4.343	71.043	-22.052	81.741
END_DATA