CIMLAP_V_70.txt
BEGIN_DATA_FORMAT
Sample_Name	XYZ_X	XYZ_Y	XYZ_Z	Lab_L	Lab_a	Lab_b
END_DATA_FORMAT
BEGIN_DATA
Coloroid_ATV_10_5_70	45.954	49.000	48.210	75.451	-1.755	5.238
Coloroid_ATV_10_10_70	45.335	49.000	43.067	75.451	-3.525	10.864
Coloroid_ATV_10_15_70	44.716	49.000	37.924	75.451	-5.311	16.957
Coloroid_ATV_10_20_70	44.097	49.000	32.781	75.451	-7.115	23.630
Coloroid_ATV_10_25_70	43.477	49.000	27.638	75.451	-8.935	31.042
Coloroid_ATV_10_30_70	42.858	49.000	22.495	75.451	-10.772	39.441
Coloroid_ATV_10_35_70	42.239	49.000	17.352	75.451	-12.627	49.241
Coloroid_ATV_10_40_70	41.620	49.000	12.209	75.451	-14.501	61.231
Coloroid_ATV_10_45_70	41.001	49.000	7.066	75.451	-16.393	77.301
Coloroid_ATV_11_5_70	46.162	49.000	48.279	75.451	-1.164	5.166
Coloroid_ATV_11_10_70	45.750	49.000	43.205	75.451	-2.335	10.707
Coloroid_ATV_11_15_70	45.339	49.000	38.131	75.451	-3.513	16.702
Coloroid_ATV_11_20_70	44.928	49.000	33.057	75.451	-4.698	23.255
Coloroid_ATV_11_25_70	44.516	49.000	27.983	75.451	-5.890	30.518
Coloroid_ATV_11_30_70	44.105	49.000	22.909	75.451	-7.090	38.721
Coloroid_ATV_11_35_70	43.694	49.000	17.835	75.451	-8.297	48.245
Coloroid_ATV_11_40_70	43.282	49.000	12.761	75.451	-9.512	59.800
Coloroid_ATV_11_45_70	42.871	49.000	7.687	75.451	-10.734	75.014
Coloroid_ATV_11_50_70	42.460	49.000	2.613	75.451	-11.965	99.985
Coloroid_ATV_12_5_70	46.363	49.000	48.351	75.451	-0.593	5.090
Coloroid_ATV_12_10_70	46.153	49.000	43.350	75.451	-1.187	10.543
Coloroid_ATV_12_15_70	45.944	49.000	38.348	75.451	-1.784	16.435
Coloroid_ATV_12_20_70	45.734	49.000	33.347	75.451	-2.382	22.863
Coloroid_ATV_12_25_70	45.524	49.000	28.345	75.451	-2.982	29.971
Coloroid_ATV_12_30_70	45.314	49.000	23.344	75.451	-3.584	37.973
Coloroid_ATV_12_35_70	45.105	49.000	18.342	75.451	-4.187	47.218
Coloroid_ATV_12_40_70	44.895	49.000	13.341	75.451	-4.793	58.340
Coloroid_ATV_12_45_70	44.685	49.000	8.339	75.451	-5.401	72.741
Coloroid_ATV_12_50_70	44.475	49.000	3.338	75.451	-6.010	95.083
Coloroid_ATV_13_5_70	46.560	49.000	48.426	75.451	-0.038	5.010
Coloroid_ATV_13_10_70	46.546	49.000	43.500	75.451	-0.076	10.373
Coloroid_ATV_13_15_70	46.533	49.000	38.574	75.451	-0.114	16.157
Coloroid_ATV_13_20_70	46.519	49.000	33.648	75.451	-0.153	22.458
Coloroid_ATV_13_25_70	46.505	49.000	28.722	75.451	-0.191	29.408
Coloroid_ATV_13_30_70	46.492	49.000	23.796	75.451	-0.229	37.205
Coloroid_ATV_13_35_70	46.478	49.000	18.870	75.451	-0.267	46.168
Coloroid_ATV_13_40_70	46.465	49.000	13.944	75.451	-0.305	56.865
Coloroid_ATV_13_45_70	46.451	49.000	9.018	75.451	-0.343	70.497
Coloroid_ATV_13_50_70	46.438	49.000	4.091	75.451	-0.382	90.686
Coloroid_ATV_14_5_70	46.751	49.000	48.505	75.451	0.502	4.927
Coloroid_ATV_14_10_70	46.930	49.000	43.658	75.451	1.003	10.195
Coloroid_ATV_14_15_70	47.108	49.000	38.811	75.451	1.503	15.869
Coloroid_ATV_14_20_70	47.286	49.000	33.964	75.451	2.002	22.037
Coloroid_ATV_14_25_70	47.465	49.000	29.116	75.451	2.499	28.823
Coloroid_ATV_14_30_70	47.643	49.000	24.269	75.451	2.995	36.412
Coloroid_ATV_14_35_70	47.821	49.000	19.422	75.451	3.490	45.092
Coloroid_ATV_14_40_70	47.999	49.000	14.574	75.451	3.984	55.367
Coloroid_ATV_14_45_70	48.178	49.000	9.727	75.451	4.476	68.267
Coloroid_ATV_14_50_70	48.356	49.000	4.880	75.451	4.967	86.633
Coloroid_ATV_15_5_70	46.939	49.000	48.588	75.451	1.031	4.841
Coloroid_ATV_15_10_70	47.306	49.000	43.823	75.451	2.056	10.010
Coloroid_ATV_15_15_70	47.672	49.000	39.058	75.451	3.076	15.569
Coloroid_ATV_15_20_70	48.038	49.000	34.293	75.451	4.091	21.600
Coloroid_ATV_15_25_70	48.404	49.000	29.528	75.451	5.100	28.219
Coloroid_ATV_15_30_70	48.771	49.000	24.763	75.451	6.105	35.595
Coloroid_ATV_15_35_70	49.137	49.000	19.998	75.451	7.105	43.989
Coloroid_ATV_15_40_70	49.503	49.000	15.233	75.451	8.099	53.849
Coloroid_ATV_15_45_70	49.869	49.000	10.468	75.451	9.089	66.053
Coloroid_ATV_15_50_70	50.236	49.000	5.703	75.451	10.074	82.844
Coloroid_ATV_16_5_70	47.130	49.000	48.677	75.451	1.564	4.748
Coloroid_ATV_16_10_70	47.686	49.000	44.001	75.451	3.116	9.810
Coloroid_ATV_16_15_70	48.243	49.000	39.325	75.451	4.656	15.246
Coloroid_ATV_16_20_70	48.800	49.000	34.649	75.451	6.185	21.131
Coloroid_ATV_16_25_70	49.356	49.000	29.973	75.451	7.701	27.572
Coloroid_ATV_16_30_70	49.913	49.000	25.297	75.451	9.207	34.724
Coloroid_ATV_16_35_70	50.470	49.000	20.621	75.451	10.701	42.821
Coloroid_ATV_16_40_70	51.026	49.000	15.945	75.451	12.184	52.257
Coloroid_ATV_16_45_70	51.583	49.000	11.269	75.451	13.656	63.774
Coloroid_ATV_16_50_70	52.140	49.000	6.593	75.451	15.118	79.139
Coloroid_ATV_16_55_70	52.697	49.000	1.917	75.451	16.570	105.648
Coloroid_ATV_20_5_70	47.323	49.000	48.774	75.451	2.105	4.646
Coloroid_ATV_20_10_70	48.073	49.000	44.195	75.451	4.188	9.594
Coloroid_ATV_20_15_70	48.823	49.000	39.616	75.451	6.249	14.895
Coloroid_ATV_20_20_70	49.573	49.000	35.037	75.451	8.289	20.623
Coloroid_ATV_20_25_70	50.323	49.000	30.457	75.451	10.309	26.875
Coloroid_ATV_20_30_70	51.074	49.000	25.878	75.451	12.309	33.788
Coloroid_ATV_20_35_70	51.824	49.000	21.299	75.451	14.289	41.575
Coloroid_ATV_20_40_70	52.574	49.000	16.720	75.451	16.250	50.574
Coloroid_ATV_20_45_70	53.324	49.000	12.141	75.451	18.193	61.410
Coloroid_ATV_20_50_70	54.074	49.000	7.562	75.451	20.118	75.464
Coloroid_ATV_20_55_70	54.824	49.000	2.983	75.451	22.024	97.380
Coloroid_ATV_21_5_70	47.526	49.000	48.882	75.451	2.671	4.533
Coloroid_ATV_21_10_70	48.479	49.000	44.412	75.451	5.307	9.352
Coloroid_ATV_21_15_70	49.433	49.000	39.941	75.451	7.908	14.505
Coloroid_ATV_21_20_70	50.386	49.000	35.471	75.451	10.476	20.060
Coloroid_ATV_21_25_70	51.339	49.000	31.000	75.451	13.012	26.102
Coloroid_ATV_21_30_70	52.292	49.000	26.530	75.451	15.516	32.758
Coloroid_ATV_21_35_70	53.245	49.000	22.059	75.451	17.991	40.210
Coloroid_ATV_21_40_70	54.198	49.000	17.589	75.451	20.436	48.751
Coloroid_ATV_21_45_70	55.152	49.000	13.118	75.451	22.852	58.895
Coloroid_ATV_21_50_70	56.105	49.000	8.648	75.451	25.241	71.706
Coloroid_ATV_21_55_70	57.058	49.000	4.177	75.451	27.603	90.222
Coloroid_ATV_22_5_70	47.740	49.000	49.004	75.451	3.265	4.405
Coloroid_ATV_22_10_70	48.907	49.000	44.656	75.451	6.477	9.080
Coloroid_ATV_22_15_70	50.074	49.000	40.308	75.451	9.639	14.068
Coloroid_ATV_22_20_70	51.241	49.000	35.960	75.451	12.752	19.429
Coloroid_ATV_22_25_70	52.408	49.000	31.612	75.451	15.818	25.242
Coloroid_ATV_22_30_70	53.575	49.000	27.264	75.451	18.839	31.616
Coloroid_ATV_22_35_70	54.742	49.000	22.916	75.451	21.816	38.709
Coloroid_ATV_22_40_70	55.908	49.000	18.568	75.451	24.751	46.767
Coloroid_ATV_22_45_70	57.075	49.000	14.219	75.451	27.646	56.205
Coloroid_ATV_22_50_70	58.242	49.000	9.871	75.451	30.501	67.828
Coloroid_ATV_22_55_70	59.409	49.000	5.523	75.451	33.319	83.639
Coloroid_ATV_23_5_70	47.959	49.000	49.140	75.451	3.872	4.265
Coloroid_ATV_23_10_70	49.345	49.000	44.927	75.451	7.669	8.780
Coloroid_ATV_23_15_70	50.731	49.000	40.714	75.451	11.397	13.588
Coloroid_ATV_23_20_70	52.116	49.000	36.501	75.451	15.057	18.740
Coloroid_ATV_23_25_70	53.502	49.000	32.288	75.451	18.652	24.306
Coloroid_ATV_23_30_70	54.888	49.000	28.075	75.451	22.187	30.379
Coloroid_ATV_23_35_70	56.274	49.000	23.862	75.451	25.662	37.094
Coloroid_ATV_23_40_70	57.660	49.000	19.649	75.451	29.080	44.655
Coloroid_ATV_23_45_70	59.045	49.000	15.436	75.451	32.444	53.391
Coloroid_ATV_23_50_70	60.431	49.000	11.223	75.451	35.756	63.903
Coloroid_ATV_23_55_70	61.817	49.000	7.010	75.451	39.018	77.518
Coloroid_ATV_23_60_70	63.203	49.000	2.797	75.451	42.231	98.666
Coloroid_ATV_24_5_70	48.209	49.000	49.307	75.451	4.563	4.090
Coloroid_ATV_24_10_70	49.845	49.000	45.262	75.451	9.024	8.411
Coloroid_ATV_24_15_70	51.482	49.000	41.217	75.451	13.389	12.997
Coloroid_ATV_24_20_70	53.118	49.000	37.172	75.451	17.661	17.894
Coloroid_ATV_24_25_70	54.754	49.000	33.127	75.451	21.848	23.160
Coloroid_ATV_24_30_70	56.390	49.000	29.081	75.451	25.951	28.875
Coloroid_ATV_24_35_70	58.026	49.000	25.036	75.451	29.976	35.147
Coloroid_ATV_24_40_70	59.663	49.000	20.991	75.451	33.926	42.137
Coloroid_ATV_24_45_70	61.299	49.000	16.946	75.451	37.804	50.095
Coloroid_ATV_24_50_70	62.935	49.000	12.901	75.451	41.614	59.444
Coloroid_ATV_24_55_70	64.571	49.000	8.856	75.451	45.358	71.022
Coloroid_ATV_25_5_70	48.472	49.000	49.505	75.451	5.285	3.886
Coloroid_ATV_25_10_70	50.370	49.000	45.657	75.451	10.434	7.978
Coloroid_ATV_25_15_70	52.268	49.000	41.809	75.451	15.454	12.307
Coloroid_ATV_25_20_70	54.167	49.000	37.961	75.451	20.355	16.911
Coloroid_ATV_25_25_70	56.065	49.000	34.113	75.451	25.143	21.838
Coloroid_ATV_25_30_70	57.964	49.000	30.265	75.451	29.823	27.150
Coloroid_ATV_25_35_70	59.862	49.000	26.417	75.451	34.403	32.934
Coloroid_ATV_25_40_70	61.761	49.000	22.570	75.451	38.886	39.311
Coloroid_ATV_25_45_70	63.659	49.000	18.722	75.451	43.279	46.461
Coloroid_ATV_25_50_70	65.558	49.000	14.874	75.451	47.585	54.671
Coloroid_ATV_26_5_70	48.749	49.000	49.764	75.451	6.046	3.618
Coloroid_ATV_26_10_70	50.925	49.000	46.175	75.451	11.914	7.414
Coloroid_ATV_26_15_70	53.101	49.000	42.586	75.451	17.617	11.413
Coloroid_ATV_26_20_70	55.277	49.000	38.997	75.451	23.167	15.642
Coloroid_ATV_26_25_70	57.453	49.000	35.408	75.451	28.573	20.141
Coloroid_ATV_26_30_70	59.629	49.000	31.819	75.451	33.844	24.954
Coloroid_ATV_26_35_70	61.804	49.000	28.230	75.451	38.989	30.144
Coloroid_ATV_26_40_70	63.980	49.000	24.641	75.451	44.014	35.795
Coloroid_ATV_26_45_70	66.156	49.000	21.052	75.451	48.926	42.025
Coloroid_ATV_30_5_70	49.021	49.000	50.111	75.451	6.789	3.260
Coloroid_ATV_30_10_70	51.469	49.000	46.869	75.451	13.355	6.665
Coloroid_ATV_30_15_70	53.917	49.000	43.628	75.451	19.716	10.229
Coloroid_ATV_30_20_70	56.364	49.000	40.386	75.451	25.887	13.976
Coloroid_ATV_30_25_70	58.812	49.000	37.144	75.451	31.882	17.928
Coloroid_ATV_30_30_70	61.260	49.000	33.903	75.451	37.713	22.118
Coloroid_ATV_30_35_70	63.708	49.000	30.661	75.451	43.391	26.584
Coloroid_ATV_30_40_70	66.156	49.000	27.419	75.451	48.925	31.377
Coloroid_ATV_31_5_70	49.196	49.000	50.626	75.451	7.266	2.734
Coloroid_ATV_31_10_70	51.819	49.000	47.899	75.451	14.277	5.567
Coloroid_ATV_31_15_70	54.442	49.000	45.172	75.451	21.056	8.510
Coloroid_ATV_31_20_70	57.065	49.000	42.445	75.451	27.621	11.574
Coloroid_ATV_31_25_70	59.688	49.000	39.718	75.451	33.987	14.773
Coloroid_ATV_31_30_70	62.311	49.000	36.991	75.451	40.170	18.121
Coloroid_ATV_31_35_70	64.934	49.000	34.264	75.451	46.181	21.639
Coloroid_ATV_31_40_70	67.557	49.000	31.537	75.451	52.032	25.348
Coloroid_ATV_32_5_70	48.805	49.000	51.606	75.451	6.198	1.740
Coloroid_ATV_32_10_70	51.036	49.000	49.858	75.451	12.209	3.520
Coloroid_ATV_32_15_70	53.268	49.000	48.111	75.451	18.048	5.342
Coloroid_ATV_32_20_70	55.499	49.000	46.364	75.451	23.726	7.209
Coloroid_ATV_32_25_70	57.731	49.000	44.617	75.451	29.254	9.123
Coloroid_ATV_32_30_70	59.962	49.000	42.870	75.451	34.641	11.088
Coloroid_ATV_32_35_70	62.194	49.000	41.123	75.451	39.896	13.107
Coloroid_ATV_32_40_70	64.425	49.000	39.376	75.451	45.026	15.184
Coloroid_ATV_32_45_70	66.657	49.000	37.629	75.451	50.040	17.323
Coloroid_ATV_32_50_70	68.888	49.000	35.882	75.451	54.943	19.530
Coloroid_ATV_33_5_70	48.761	49.000	52.227	75.451	6.078	1.117
Coloroid_ATV_33_10_70	50.949	49.000	51.101	75.451	11.977	2.250
Coloroid_ATV_33_15_70	53.137	49.000	49.975	75.451	17.710	3.400
Coloroid_ATV_33_20_70	55.324	49.000	48.849	75.451	23.287	4.568
Coloroid_ATV_33_25_70	57.512	49.000	47.723	75.451	28.719	5.753
Coloroid_ATV_33_30_70	59.700	49.000	46.597	75.451	34.015	6.958
Coloroid_ATV_33_35_70	61.888	49.000	45.471	75.451	39.183	8.181
Coloroid_ATV_33_40_70	64.076	49.000	44.345	75.451	44.231	9.426
Coloroid_ATV_33_45_70	66.264	49.000	43.219	75.451	49.165	10.691
Coloroid_ATV_33_50_70	68.451	49.000	42.093	75.451	53.992	11.979
Coloroid_ATV_33_55_70	70.639	49.000	40.967	75.451	58.717	13.290
Coloroid_ATV_34_5_70	48.696	49.000	53.153	75.451	5.900	0.197
Coloroid_ATV_34_10_70	50.818	49.000	52.954	75.451	11.631	0.394
Coloroid_ATV_34_15_70	52.941	49.000	52.755	75.451	17.204	0.591
Coloroid_ATV_34_20_70	55.064	49.000	52.555	75.451	22.631	0.789
Coloroid_ATV_34_25_70	57.187	49.000	52.356	75.451	27.919	0.988
Coloroid_ATV_34_30_70	59.309	49.000	52.157	75.451	33.079	1.187
Coloroid_ATV_34_35_70	61.432	49.000	51.958	75.451	38.117	1.386
Coloroid_ATV_34_40_70	63.555	49.000	51.758	75.451	43.039	1.587
Coloroid_ATV_34_45_70	65.677	49.000	51.559	75.451	47.854	1.787
Coloroid_ATV_34_50_70	67.800	49.000	51.360	75.451	52.566	1.988
Coloroid_ATV_34_55_70	69.923	49.000	51.160	75.451	57.180	2.190
Coloroid_ATV_34_60_70	72.045	49.000	50.961	75.451	61.702	2.392
Coloroid_ATV_35_5_70	48.643	49.000	53.907	75.451	5.755	-0.544
Coloroid_ATV_35_10_70	50.712	49.000	54.462	75.451	11.349	-1.085
Coloroid_ATV_35_15_70	52.782	49.000	55.016	75.451	16.792	-1.622
Coloroid_ATV_35_20_70	54.852	49.000	55.571	75.451	22.095	-2.155
Coloroid_ATV_35_25_70	56.922	49.000	56.125	75.451	27.267	-2.685
Coloroid_ATV_35_30_70	58.991	49.000	56.680	75.451	32.314	-3.212
Coloroid_ATV_35_35_70	61.061	49.000	57.234	75.451	37.245	-3.735
Coloroid_ATV_35_40_70	63.131	49.000	57.789	75.451	42.065	-4.254
Coloroid_ATV_35_45_70	65.200	49.000	58.343	75.451	46.782	-4.770
Coloroid_ATV_35_50_70	67.270	49.000	58.898	75.451	51.399	-5.284
Coloroid_ATV_35_55_70	69.340	49.000	59.452	75.451	55.923	-5.793
Coloroid_ATV_35_60_70	71.410	49.000	60.007	75.451	60.357	-6.300
Coloroid_ATV_35_65_70	73.479	49.000	60.561	75.451	64.707	-6.804
Coloroid_ATV_40_5_70	48.598	49.000	54.551	75.451	5.631	-1.172
Coloroid_ATV_40_10_70	50.622	49.000	55.749	75.451	11.107	-2.327
Coloroid_ATV_40_15_70	52.646	49.000	56.948	75.451	16.439	-3.465
Coloroid_ATV_40_20_70	54.671	49.000	58.146	75.451	21.637	-4.588
Coloroid_ATV_40_25_70	56.695	49.000	59.345	75.451	26.707	-5.695
Coloroid_ATV_40_30_70	58.720	49.000	60.543	75.451	31.659	-6.787
Coloroid_ATV_40_35_70	60.744	49.000	61.741	75.451	36.497	-7.865
Coloroid_ATV_40_40_70	62.769	49.000	62.940	75.451	41.230	-8.929
Coloroid_ATV_40_45_70	64.793	49.000	64.138	75.451	45.861	-9.980
Coloroid_ATV_40_50_70	66.818	49.000	65.337	75.451	50.397	-11.018
Coloroid_ATV_40_55_70	68.842	49.000	66.535	75.451	54.843	-12.043
Coloroid_ATV_40_60_70	70.866	49.000	67.734	75.451	59.202	-13.056
Coloroid_ATV_40_65_70	72.891	49.000	68.932	75.451	63.479	-14.057
Coloroid_ATV_40_70_70	74.915	49.000	70.130	75.451	67.677	-15.046
Coloroid_ATV_41_5_70	48.555	49.000	55.153	75.451	5.515	-1.754
Coloroid_ATV_41_10_70	50.537	49.000	56.952	75.451	10.881	-3.469
Coloroid_ATV_41_15_70	52.520	49.000	58.752	75.451	16.109	-5.149
Coloroid_ATV_41_20_70	54.502	49.000	60.552	75.451	21.208	-6.795
Coloroid_ATV_41_25_70	56.484	49.000	62.352	75.451	26.184	-8.409
Coloroid_ATV_41_30_70	58.466	49.000	64.152	75.451	31.044	-9.992
Coloroid_ATV_41_35_70	60.448	49.000	65.952	75.451	35.797	-11.546
Coloroid_ATV_41_40_70	62.430	49.000	67.752	75.451	40.446	-13.071
Coloroid_ATV_41_45_70	64.413	49.000	69.552	75.451	44.998	-14.570
Coloroid_ATV_41_50_70	66.395	49.000	71.352	75.451	49.458	-16.043
Coloroid_ATV_41_55_70	68.377	49.000	73.152	75.451	53.829	-17.492
Coloroid_ATV_41_60_70	70.359	49.000	74.952	75.451	58.117	-18.917
Coloroid_ATV_41_65_70	72.341	49.000	76.751	75.451	62.326	-20.319
Coloroid_ATV_41_70_70	74.323	49.000	78.551	75.451	66.458	-21.700
Coloroid_ATV_41_75_70	76.306	49.000	80.351	75.451	70.517	-23.060
Coloroid_ATV_42_5_70	48.512	49.000	55.761	75.451	5.397	-2.338
Coloroid_ATV_42_10_70	50.452	49.000	58.170	75.451	10.653	-4.610
Coloroid_ATV_42_15_70	52.391	49.000	60.579	75.451	15.775	-6.820
Coloroid_ATV_42_20_70	54.331	49.000	62.988	75.451	20.772	-8.972
Coloroid_ATV_42_25_70	56.270	49.000	65.397	75.451	25.652	-11.070
Coloroid_ATV_42_30_70	58.209	49.000	67.806	75.451	30.421	-13.117
Coloroid_ATV_42_35_70	60.149	49.000	70.215	75.451	35.085	-15.116
Coloroid_ATV_42_40_70	62.088	49.000	72.624	75.451	39.650	-17.069
Coloroid_ATV_42_45_70	64.027	49.000	75.032	75.451	44.121	-18.980
Coloroid_ATV_42_50_70	65.967	49.000	77.441	75.451	48.502	-20.851
Coloroid_ATV_42_55_70	67.906	49.000	79.850	75.451	52.799	-22.683
Coloroid_ATV_42_60_70	69.845	49.000	82.259	75.451	57.014	-24.479
Coloroid_ATV_42_65_70	71.785	49.000	84.668	75.451	61.152	-26.240
Coloroid_ATV_42_70_70	73.724	49.000	87.077	75.451	65.216	-27.968
Coloroid_ATV_42_75_70	75.664	49.000	89.486	75.451	69.210	-29.664
Coloroid_ATV_43_5_70	48.466	49.000	56.428	75.451	5.269	-2.974
Coloroid_ATV_43_10_70	50.358	49.000	59.504	75.451	10.402	-5.841
Coloroid_ATV_43_15_70	52.251	49.000	62.580	75.451	15.408	-8.611
Coloroid_ATV_43_20_70	54.143	49.000	65.656	75.451	20.294	-11.292
Coloroid_ATV_43_25_70	56.036	49.000	68.731	75.451	25.068	-13.890
Coloroid_ATV_43_30_70	57.928	49.000	71.807	75.451	29.736	-16.412
Coloroid_ATV_43_35_70	59.821	49.000	74.883	75.451	34.303	-18.863
Coloroid_ATV_43_40_70	61.713	49.000	77.958	75.451	38.775	-21.248
Coloroid_ATV_43_45_70	63.605	49.000	81.034	75.451	43.156	-23.570
Coloroid_ATV_43_50_70	65.498	49.000	84.110	75.451	47.451	-25.835
Coloroid_ATV_43_55_70	67.390	49.000	87.186	75.451	51.664	-28.045
Coloroid_ATV_43_60_70	69.283	49.000	90.261	75.451	55.800	-30.204
Coloroid_ATV_43_65_70	71.175	49.000	93.337	75.451	59.860	-32.314
Coloroid_ATV_43_70_70	73.068	49.000	96.413	75.451	63.849	-34.379
Coloroid_ATV_43_75_70	74.960	49.000	99.489	75.451	67.770	-36.400
Coloroid_ATV_44_5_70	48.414	49.000	57.156	75.451	5.128	-3.661
Coloroid_ATV_44_10_70	50.256	49.000	60.960	75.451	10.127	-7.164
Coloroid_ATV_44_15_70	52.097	49.000	64.763	75.451	15.006	-10.523
Coloroid_ATV_44_20_70	53.938	49.000	68.567	75.451	19.771	-13.753
Coloroid_ATV_44_25_70	55.780	49.000	72.371	75.451	24.429	-16.866
Coloroid_ATV_44_30_70	57.621	49.000	76.174	75.451	28.986	-19.872
Coloroid_ATV_44_35_70	59.462	49.000	79.978	75.451	33.446	-22.779
Coloroid_ATV_44_40_70	61.304	49.000	83.782	75.451	37.815	-25.596
Coloroid_ATV_44_45_70	63.145	49.000	87.585	75.451	42.098	-28.328
Coloroid_ATV_44_50_70	64.986	49.000	91.389	75.451	46.298	-30.983
Coloroid_ATV_44_55_70	66.828	49.000	95.192	75.451	50.420	-33.565
Coloroid_ATV_44_60_70	68.669	49.000	98.996	75.451	54.466	-36.079
Coloroid_ATV_44_65_70	70.510	49.000	102.800	75.451	58.441	-38.529
Coloroid_ATV_45_5_70	48.356	49.000	57.994	75.451	4.966	-4.446
Coloroid_ATV_45_10_70	50.138	49.000	62.635	75.451	9.811	-8.660
Coloroid_ATV_45_15_70	51.920	49.000	67.277	75.451	14.543	-12.671
Coloroid_ATV_45_20_70	53.703	49.000	71.918	75.451	19.168	-16.502
Coloroid_ATV_45_25_70	55.485	49.000	76.559	75.451	23.691	-20.171
Coloroid_ATV_45_30_70	57.268	49.000	81.201	75.451	28.119	-23.694
Coloroid_ATV_45_35_70	59.050	49.000	85.842	75.451	32.456	-27.086
Coloroid_ATV_45_40_70	60.833	49.000	90.483	75.451	36.706	-30.358
Coloroid_ATV_45_45_70	62.615	49.000	95.125	75.451	40.874	-33.519
Coloroid_ATV_45_50_70	64.398	49.000	99.766	75.451	44.964	-36.580
Coloroid_ATV_46_5_70	48.230	49.000	59.773	75.451	4.622	-6.086
Coloroid_ATV_46_10_70	49.888	49.000	66.193	75.451	9.139	-11.751
Coloroid_ATV_46_15_70	51.545	49.000	72.613	75.451	13.557	-17.061
Coloroid_ATV_46_20_70	53.203	49.000	79.033	75.451	17.881	-22.066
Coloroid_ATV_46_25_70	54.860	49.000	85.453	75.451	22.116	-26.806
Coloroid_ATV_46_30_70	56.518	49.000	91.873	75.451	26.267	-31.315
Coloroid_ATV_46_35_70	58.175	49.000	98.293	75.451	30.338	-35.619
Coloroid_ATV_46_40_70	59.832	49.000	104.713	75.451	34.331	-39.739
Coloroid_ATV_50_5_70	48.073	49.000	62.006	75.451	4.188	-8.101
Coloroid_ATV_50_10_70	49.574	49.000	70.660	75.451	8.291	-15.480
Coloroid_ATV_50_15_70	51.074	49.000	79.314	75.451	12.311	-22.278
Coloroid_ATV_50_20_70	52.575	49.000	87.967	75.451	16.253	-28.599
Coloroid_ATV_50_25_70	54.075	49.000	96.621	75.451	20.121	-34.517
Coloroid_ATV_51_5_70	47.213	49.000	59.648	75.451	1.798	-5.972
Coloroid_ATV_51_10_70	47.854	49.000	65.943	75.451	3.580	-11.538
Coloroid_ATV_51_15_70	48.494	49.000	72.238	75.451	5.347	-16.760
Coloroid_ATV_51_20_70	49.134	49.000	78.534	75.451	7.098	-21.687
Coloroid_ATV_51_25_70	49.775	49.000	84.829	75.451	8.833	-26.357
Coloroid_ATV_51_30_70	50.415	49.000	91.124	75.451	10.554	-30.801
Coloroid_ATV_51_35_70	51.055	49.000	97.419	75.451	12.260	-35.045
Coloroid_ATV_51_40_70	51.696	49.000	103.715	75.451	13.953	-39.110
Coloroid_ATV_52_5_70	46.715	49.000	57.827	75.451	0.400	-4.290
Coloroid_ATV_52_10_70	46.857	49.000	62.302	75.451	0.799	-8.365
Coloroid_ATV_52_15_70	46.999	49.000	66.777	75.451	1.197	-12.248
Coloroid_ATV_52_20_70	47.140	49.000	71.251	75.451	1.594	-15.962
Coloroid_ATV_52_25_70	47.282	49.000	75.726	75.451	1.991	-19.523
Coloroid_ATV_52_30_70	47.424	49.000	80.201	75.451	2.387	-22.947
Coloroid_ATV_52_35_70	47.566	49.000	84.675	75.451	2.782	-26.245
Coloroid_ATV_52_40_70	47.708	49.000	89.150	75.451	3.176	-29.430
Coloroid_ATV_52_45_70	47.850	49.000	93.625	75.451	3.569	-32.509
Coloroid_ATV_52_50_70	47.992	49.000	98.099	75.451	3.962	-35.492
Coloroid_ATV_52_55_70	48.133	49.000	102.574	75.451	4.354	-38.385
Coloroid_ATV_53_5_70	46.439	49.000	56.834	75.451	-0.378	-3.357
Coloroid_ATV_53_10_70	46.305	49.000	60.315	75.451	-0.757	-6.580
Coloroid_ATV_53_15_70	46.171	49.000	63.796	75.451	-1.137	-9.681
Coloroid_ATV_53_20_70	46.037	49.000	67.277	75.451	-1.517	-12.671
Coloroid_ATV_53_25_70	45.904	49.000	70.758	75.451	-1.898	-15.560
Coloroid_ATV_53_30_70	45.770	49.000	74.239	75.451	-2.280	-18.356
Coloroid_ATV_53_35_70	45.636	49.000	77.720	75.451	-2.662	-21.065
Coloroid_ATV_53_40_70	45.502	49.000	81.201	75.451	-3.045	-23.695
Coloroid_ATV_53_45_70	45.368	49.000	84.682	75.451	-3.429	-26.251
Coloroid_ATV_53_50_70	45.234	49.000	88.164	75.451	-3.814	-28.737
Coloroid_ATV_53_55_70	45.100	49.000	91.645	75.451	-4.200	-31.159
Coloroid_ATV_53_60_70	44.966	49.000	95.126	75.451	-4.586	-33.520
Coloroid_ATV_53_65_70	44.832	49.000	98.607	75.451	-4.973	-35.825
Coloroid_ATV_53_70_70	44.699	49.000	102.088	75.451	-5.361	-38.075
Coloroid_ATV_53_75_70	44.565	49.000	105.569	75.451	-5.750	-40.275
Coloroid_ATV_54_5_70	46.252	49.000	56.171	75.451	-0.909	-2.729
Coloroid_ATV_54_10_70	45.930	49.000	58.990	75.451	-1.821	-5.368
Coloroid_ATV_54_15_70	45.609	49.000	61.808	75.451	-2.738	-7.925
Coloroid_ATV_54_20_70	45.288	49.000	64.627	75.451	-3.660	-10.404
Coloroid_ATV_54_25_70	44.967	49.000	67.445	75.451	-4.586	-12.813
Coloroid_ATV_54_30_70	44.645	49.000	70.263	75.451	-5.516	-15.156
Coloroid_ATV_54_35_70	44.324	49.000	73.082	75.451	-6.450	-17.436
Coloroid_ATV_54_40_70	44.003	49.000	75.900	75.451	-7.390	-19.659
Coloroid_ATV_54_45_70	43.681	49.000	78.719	75.451	-8.333	-21.827
Coloroid_ATV_54_50_70	43.360	49.000	81.537	75.451	-9.282	-23.945
Coloroid_ATV_54_55_70	43.039	49.000	84.356	75.451	-10.235	-26.014
Coloroid_ATV_54_60_70	42.717	49.000	87.174	75.451	-11.193	-28.037
Coloroid_ATV_54_65_70	42.396	49.000	89.993	75.451	-12.155	-30.017
Coloroid_ATV_54_70_70	42.075	49.000	92.811	75.451	-13.123	-31.957
Coloroid_ATV_54_75_70	41.753	49.000	95.630	75.451	-14.095	-33.857
Coloroid_ATV_54_80_70	41.432	49.000	98.448	75.451	-15.073	-35.721
Coloroid_ATV_54_85_70	41.111	49.000	101.267	75.451	-16.055	-37.549
Coloroid_ATV_54_90_70	40.790	49.000	104.085	75.451	-17.043	-39.344
Coloroid_ATV_55_5_70	46.103	49.000	55.663	75.451	-1.330	-2.244
Coloroid_ATV_55_10_70	45.634	49.000	57.973	75.451	-2.669	-4.426
Coloroid_ATV_55_15_70	45.164	49.000	60.283	75.451	-4.017	-6.551
Coloroid_ATV_55_20_70	44.694	49.000	62.593	75.451	-5.374	-8.622
Coloroid_ATV_55_25_70	44.224	49.000	64.903	75.451	-6.741	-10.643
Coloroid_ATV_55_30_70	43.755	49.000	67.213	75.451	-8.118	-12.617
Coloroid_ATV_55_35_70	43.285	49.000	69.522	75.451	-9.504	-14.546
Coloroid_ATV_55_40_70	42.815	49.000	71.832	75.451	-10.901	-16.433
Coloroid_ATV_55_45_70	42.345	49.000	74.142	75.451	-12.308	-18.279
Coloroid_ATV_55_50_70	41.876	49.000	76.452	75.451	-13.725	-20.088
Coloroid_ATV_55_55_70	41.406	49.000	78.762	75.451	-15.153	-21.861
Coloroid_ATV_55_60_70	40.936	49.000	81.072	75.451	-16.592	-23.599
Coloroid_ATV_55_65_70	40.466	49.000	83.382	75.451	-18.042	-25.304
Coloroid_ATV_55_70_70	39.997	49.000	85.692	75.451	-19.503	-26.979
Coloroid_ATV_55_75_70	39.527	49.000	88.002	75.451	-20.975	-28.623
Coloroid_ATV_55_80_70	39.057	49.000	90.312	75.451	-22.460	-30.239
Coloroid_ATV_55_85_70	38.587	49.000	92.622	75.451	-23.956	-31.828
Coloroid_ATV_55_90_70	38.118	49.000	94.932	75.451	-25.464	-33.390
Coloroid_ATV_55_95_70	37.648	49.000	97.242	75.451	-26.985	-34.928
Coloroid_ATV_56_5_70	45.913	49.000	55.045	75.451	-1.872	-1.650
Coloroid_ATV_56_10_70	45.252	49.000	56.738	75.451	-3.762	-3.267
Coloroid_ATV_56_15_70	44.592	49.000	58.431	75.451	-5.670	-4.852
Coloroid_ATV_56_20_70	43.932	49.000	60.124	75.451	-7.598	-6.406
Coloroid_ATV_56_25_70	43.271	49.000	61.816	75.451	-9.545	-7.932
Coloroid_ATV_56_30_70	42.611	49.000	63.509	75.451	-11.511	-9.430
Coloroid_ATV_56_35_70	41.951	49.000	65.202	75.451	-13.498	-10.902
Coloroid_ATV_56_40_70	41.290	49.000	66.895	75.451	-15.506	-12.348
Coloroid_ATV_56_45_70	40.630	49.000	68.588	75.451	-17.536	-13.770
Coloroid_ATV_56_50_70	39.969	49.000	70.280	75.451	-19.588	-15.169
Coloroid_ATV_56_55_70	39.309	49.000	71.973	75.451	-21.662	-16.546
Coloroid_ATV_56_60_70	38.649	49.000	73.666	75.451	-23.760	-17.901
Coloroid_ATV_56_65_70	37.988	49.000	75.359	75.451	-25.882	-19.236
Coloroid_ATV_56_70_70	37.328	49.000	77.051	75.451	-28.029	-20.551
Coloroid_ATV_56_75_70	36.668	49.000	78.744	75.451	-30.201	-21.847
Coloroid_ATV_56_80_70	36.007	49.000	80.437	75.451	-32.399	-23.124
Coloroid_ATV_56_85_70	35.347	49.000	82.130	75.451	-34.624	-24.383
Coloroid_ATV_56_90_70	34.687	49.000	83.822	75.451	-36.877	-25.626
Coloroid_ATV_56_95_70	34.026	49.000	85.515	75.451	-39.159	-26.851
Coloroid_ATV_60_5_70	45.720	49.000	54.480	75.451	-2.420	-1.103
Coloroid_ATV_60_10_70	44.868	49.000	55.607	75.451	-4.871	-2.190
Coloroid_ATV_60_15_70	44.015	49.000	56.734	75.451	-7.352	-3.263
Coloroid_ATV_60_20_70	43.163	49.000	57.861	75.451	-9.866	-4.322
Coloroid_ATV_60_25_70	42.310	49.000	58.988	75.451	-12.414	-5.367
Coloroid_ATV_60_30_70	41.458	49.000	60.115	75.451	-14.995	-6.399
Coloroid_ATV_60_35_70	40.605	49.000	61.242	75.451	-17.613	-7.418
Coloroid_ATV_60_40_70	39.752	49.000	62.369	75.451	-20.267	-8.424
Coloroid_ATV_60_45_70	38.900	49.000	63.496	75.451	-22.959	-9.419
Coloroid_ATV_60_50_70	38.047	49.000	64.623	75.451	-25.692	-10.402
Coloroid_ATV_60_55_70	37.195	49.000	65.750	75.451	-28.465	-11.373
Coloroid_ATV_60_60_70	36.342	49.000	66.877	75.451	-31.281	-12.334
Coloroid_ATV_60_65_70	35.490	49.000	68.004	75.451	-34.141	-13.283
Coloroid_ATV_60_70_70	34.637	49.000	69.132	75.451	-37.048	-14.223
Coloroid_ATV_60_75_70	33.784	49.000	70.259	75.451	-40.002	-15.152
Coloroid_ATV_60_80_70	32.932	49.000	71.386	75.451	-43.007	-16.071
Coloroid_ATV_60_85_70	32.079	49.000	72.513	75.451	-46.064	-16.981
Coloroid_ATV_60_90_70	31.227	49.000	73.640	75.451	-49.176	-17.881
Coloroid_ATV_60_95_70	30.374	49.000	74.767	75.451	-52.345	-18.772
Coloroid_ATV_61_5_70	45.569	49.000	54.078	75.451	-2.855	-0.711
Coloroid_ATV_61_10_70	44.564	49.000	54.803	75.451	-5.751	-1.416
Coloroid_ATV_61_15_70	43.560	49.000	55.528	75.451	-8.692	-2.114
Coloroid_ATV_61_20_70	42.555	49.000	56.253	75.451	-11.678	-2.807
Coloroid_ATV_61_25_70	41.551	49.000	56.978	75.451	-14.712	-3.493
Coloroid_ATV_61_30_70	40.546	49.000	57.703	75.451	-17.795	-4.174
Coloroid_ATV_61_35_70	39.542	49.000	58.428	75.451	-20.929	-4.849
Coloroid_ATV_61_40_70	38.537	49.000	59.153	75.451	-24.117	-5.518
Coloroid_ATV_61_45_70	37.533	49.000	59.878	75.451	-27.361	-6.182
Coloroid_ATV_61_50_70	36.528	49.000	60.603	75.451	-30.663	-6.841
Coloroid_ATV_61_55_70	35.524	49.000	61.328	75.451	-34.026	-7.494
Coloroid_ATV_61_60_70	34.519	49.000	62.053	75.451	-37.454	-8.143
Coloroid_ATV_61_65_70	33.515	49.000	62.778	75.451	-40.948	-8.786
Coloroid_ATV_61_70_70	32.510	49.000	63.503	75.451	-44.513	-9.424
Coloroid_ATV_61_75_70	31.506	49.000	64.228	75.451	-48.152	-10.058
Coloroid_ATV_61_80_70	30.501	49.000	64.953	75.451	-51.870	-10.687
Coloroid_ATV_61_85_70	29.497	49.000	65.678	75.451	-55.669	-11.311
Coloroid_ATV_61_90_70	28.492	49.000	66.403	75.451	-59.557	-11.930
Coloroid_ATV_61_95_70	27.488	49.000	67.128	75.451	-63.536	-12.545
Coloroid_ATV_62_5_70	45.398	49.000	53.667	75.451	-3.342	-0.309
Coloroid_ATV_62_10_70	44.224	49.000	53.982	75.451	-6.743	-0.618
Coloroid_ATV_62_15_70	43.049	49.000	54.297	75.451	-10.204	-0.925
Coloroid_ATV_62_20_70	41.875	49.000	54.611	75.451	-13.729	-1.230
Coloroid_ATV_62_25_70	40.700	49.000	54.926	75.451	-17.320	-1.535
Coloroid_ATV_62_30_70	39.525	49.000	55.241	75.451	-20.981	-1.838
Coloroid_ATV_62_35_70	38.351	49.000	55.555	75.451	-24.715	-2.141
Coloroid_ATV_62_40_70	37.176	49.000	55.870	75.451	-28.526	-2.442
Coloroid_ATV_62_45_70	36.001	49.000	56.185	75.451	-32.419	-2.742
Coloroid_ATV_62_50_70	34.827	49.000	56.499	75.451	-36.397	-3.041
Coloroid_ATV_62_55_70	33.652	49.000	56.814	75.451	-40.466	-3.339
Coloroid_ATV_62_60_70	32.477	49.000	57.129	75.451	-44.630	-3.635
Coloroid_ATV_62_65_70	31.303	49.000	57.443	75.451	-48.896	-3.931
Coloroid_ATV_62_70_70	30.128	49.000	57.758	75.451	-53.271	-4.226
Coloroid_ATV_62_75_70	28.953	49.000	58.073	75.451	-57.760	-4.519
Coloroid_ATV_62_80_70	27.779	49.000	58.387	75.451	-62.372	-4.812
Coloroid_ATV_62_85_70	26.604	49.000	58.702	75.451	-67.117	-5.103
Coloroid_ATV_62_90_70	25.430	49.000	59.017	75.451	-72.003	-5.393
Coloroid_ATV_62_95_70	24.255	49.000	59.332	75.451	-77.042	-5.683
Coloroid_ATV_63_5_70	45.178	49.000	53.186	75.451	-3.976	0.165
Coloroid_ATV_63_10_70	43.783	49.000	53.018	75.451	-8.035	0.330
Coloroid_ATV_63_15_70	42.388	49.000	52.851	75.451	-12.181	0.495
Coloroid_ATV_63_20_70	40.992	49.000	52.684	75.451	-16.419	0.661
Coloroid_ATV_63_25_70	39.597	49.000	52.517	75.451	-20.754	0.827
Coloroid_ATV_63_30_70	38.202	49.000	52.350	75.451	-25.192	0.994
Coloroid_ATV_63_35_70	36.807	49.000	52.183	75.451	-29.740	1.161
Coloroid_ATV_63_40_70	35.412	49.000	52.016	75.451	-34.404	1.328
Coloroid_ATV_63_45_70	34.017	49.000	51.849	75.451	-39.192	1.496
Coloroid_ATV_63_50_70	32.622	49.000	51.682	75.451	-44.114	1.664
Coloroid_ATV_63_55_70	31.226	49.000	51.514	75.451	-49.177	1.832
Coloroid_ATV_63_60_70	29.831	49.000	51.347	75.451	-54.394	2.001
Coloroid_ATV_63_65_70	28.436	49.000	51.180	75.451	-59.776	2.170
Coloroid_ATV_63_70_70	27.041	49.000	51.013	75.451	-65.337	2.339
Coloroid_ATV_63_75_70	25.646	49.000	50.846	75.451	-71.092	2.509
Coloroid_ATV_63_80_70	24.251	49.000	50.679	75.451	-77.061	2.679
Coloroid_ATV_63_85_70	22.856	49.000	50.512	75.451	-83.263	2.850
Coloroid_ATV_63_90_70	21.460	49.000	50.345	75.451	-89.722	3.021
Coloroid_ATV_63_95_70	20.065	49.000	50.178	75.451	-96.468	3.192
Coloroid_ATV_64_5_70	44.844	49.000	52.549	75.451	-4.939	0.795
Coloroid_ATV_64_10_70	43.116	49.000	51.746	75.451	-10.006	1.599
Coloroid_ATV_64_15_70	41.387	49.000	50.943	75.451	-15.211	2.411
Coloroid_ATV_64_20_70	39.658	49.000	50.139	75.451	-20.563	3.231
Coloroid_ATV_64_25_70	37.929	49.000	49.336	75.451	-26.073	4.061
Coloroid_ATV_64_30_70	36.201	49.000	48.532	75.451	-31.752	4.899
Coloroid_ATV_64_35_70	34.472	49.000	47.729	75.451	-37.616	5.747
Coloroid_ATV_64_40_70	32.743	49.000	46.926	75.451	-43.679	6.604
Coloroid_ATV_64_45_70	31.015	49.000	46.122	75.451	-49.959	7.471
Coloroid_ATV_64_50_70	29.286	49.000	45.319	75.451	-56.478	8.348
Coloroid_ATV_64_55_70	27.557	49.000	44.516	75.451	-63.258	9.236
Coloroid_ATV_64_60_70	25.828	49.000	43.712	75.451	-70.328	10.134
Coloroid_ATV_64_65_70	24.100	49.000	42.909	75.451	-77.721	11.044
Coloroid_ATV_64_70_70	22.371	49.000	42.106	75.451	-85.476	11.964
Coloroid_ATV_64_75_70	20.642	49.000	41.302	75.451	-93.642	12.897
Coloroid_ATV_64_80_70	18.913	49.000	40.499	75.451	-102.278	13.842
Coloroid_ATV_65_5_70	44.297	49.000	51.536	75.451	-6.529	1.811
Coloroid_ATV_65_10_70	42.021	49.000	49.719	75.451	-13.286	3.664
Coloroid_ATV_65_15_70	39.745	49.000	47.902	75.451	-20.291	5.564
Coloroid_ATV_65_20_70	37.469	49.000	46.085	75.451	-27.570	7.512
Coloroid_ATV_65_25_70	35.192	49.000	44.267	75.451	-35.149	9.512
Coloroid_ATV_65_30_70	32.916	49.000	42.450	75.451	-43.062	11.568
Coloroid_ATV_65_35_70	30.640	49.000	40.633	75.451	-51.350	13.683
Coloroid_ATV_65_40_70	28.364	49.000	38.816	75.451	-60.058	15.862
Coloroid_ATV_65_45_70	26.088	49.000	36.999	75.451	-69.246	18.110
Coloroid_ATV_65_50_70	23.812	49.000	35.182	75.451	-78.985	20.433
Coloroid_ATV_65_55_70	21.536	49.000	33.365	75.451	-89.367	22.838
Coloroid_ATV_65_60_70	19.260	49.000	31.548	75.451	-100.508	25.331
Coloroid_ATV_65_65_70	16.983	49.000	29.731	75.451	-112.565	27.922
Coloroid_ATV_66_5_70	43.498	49.000	49.830	75.451	-8.874	3.549
Coloroid_ATV_66_10_70	40.423	49.000	46.307	75.451	-18.177	7.270
Coloroid_ATV_66_15_70	37.347	49.000	42.785	75.451	-27.965	11.185
Coloroid_ATV_66_20_70	34.272	49.000	39.262	75.451	-38.306	15.321
Coloroid_ATV_66_25_70	31.197	49.000	35.740	75.451	-49.286	19.712
Coloroid_ATV_66_30_70	28.122	49.000	32.217	75.451	-61.013	24.402
Coloroid_ATV_66_35_70	25.047	49.000	28.695	75.451	-73.629	29.448
Coloroid_ATV_66_40_70	21.971	49.000	25.172	75.451	-87.325	34.926
Coloroid_ATV_66_45_70	18.896	49.000	21.650	75.451	-102.367	40.942
Coloroid_ATV_70_5_70	43.382	49.000	48.446	75.451	-9.217	4.990
Coloroid_ATV_70_10_70	40.190	49.000	43.539	75.451	-18.899	10.329
Coloroid_ATV_70_15_70	36.999	49.000	38.633	75.451	-29.107	16.086
Coloroid_ATV_70_20_70	33.808	49.000	33.726	75.451	-39.921	22.353
Coloroid_ATV_70_25_70	30.616	49.000	28.820	75.451	-51.438	29.262
Coloroid_ATV_70_30_70	27.425	49.000	23.913	75.451	-63.787	37.008
Coloroid_ATV_70_35_70	24.234	49.000	19.007	75.451	-77.134	45.900
Coloroid_ATV_70_40_70	21.043	49.000	14.100	75.451	-91.711	56.490
Coloroid_ATV_70_45_70	17.851	49.000	9.193	75.451	-107.848	69.934
Coloroid_ATV_71_5_70	43.893	49.000	48.010	75.451	-7.711	5.449
Coloroid_ATV_71_10_70	41.213	49.000	42.668	75.451	-15.743	11.318
Coloroid_ATV_71_15_70	38.533	49.000	37.326	75.451	-24.132	17.701
Coloroid_ATV_71_20_70	35.852	49.000	31.984	75.451	-32.918	24.725
Coloroid_ATV_71_25_70	33.172	49.000	26.642	75.451	-42.155	32.582
Coloroid_ATV_71_30_70	30.492	49.000	21.300	75.451	-51.903	41.574
Coloroid_ATV_71_35_70	27.812	49.000	15.958	75.451	-62.241	52.228
Coloroid_ATV_71_40_70	25.132	49.000	10.615	75.451	-73.266	65.625
Coloroid_ATV_71_45_70	22.452	49.000	5.273	75.451	-85.105	84.773
Coloroid_ATV_72_5_70	44.459	49.000	47.936	75.451	-6.056	5.528
Coloroid_ATV_72_10_70	42.346	49.000	42.519	75.451	-12.307	11.489
Coloroid_ATV_72_15_70	40.232	49.000	37.102	75.451	-18.770	17.981
Coloroid_ATV_72_20_70	38.118	49.000	31.685	75.451	-25.463	25.140
Coloroid_ATV_72_25_70	36.004	49.000	26.269	75.451	-32.408	33.169
Coloroid_ATV_72_30_70	33.891	49.000	20.852	75.451	-39.631	42.393
Coloroid_ATV_72_35_70	31.777	49.000	15.435	75.451	-47.161	53.392
Coloroid_ATV_72_40_70	29.663	49.000	10.018	75.451	-55.033	67.384
Coloroid_ATV_72_45_70	27.550	49.000	4.602	75.451	-63.288	88.010
Coloroid_ATV_73_5_70	44.887	49.000	47.964	75.451	-4.815	5.498
Coloroid_ATV_73_10_70	43.201	49.000	42.575	75.451	-9.753	11.425
Coloroid_ATV_73_15_70	41.515	49.000	37.186	75.451	-14.820	17.876
Coloroid_ATV_73_20_70	39.829	49.000	31.797	75.451	-20.027	24.984
Coloroid_ATV_73_25_70	38.143	49.000	26.409	75.451	-25.383	32.948
Coloroid_ATV_73_30_70	36.457	49.000	21.020	75.451	-30.899	42.085
Coloroid_ATV_73_35_70	34.771	49.000	15.631	75.451	-36.588	52.953
Coloroid_ATV_73_40_70	33.085	49.000	10.242	75.451	-42.464	66.717
Coloroid_ATV_73_45_70	31.399	49.000	4.853	75.451	-48.543	86.762
Coloroid_ATV_74_5_70	45.230	49.000	48.021	75.451	-3.828	5.437
Coloroid_ATV_74_10_70	43.886	49.000	42.690	75.451	-7.732	11.294
Coloroid_ATV_74_15_70	42.542	49.000	37.358	75.451	-11.716	17.661
Coloroid_ATV_74_20_70	41.199	49.000	32.027	75.451	-15.786	24.666
Coloroid_ATV_74_25_70	39.855	49.000	26.695	75.451	-19.945	32.499
Coloroid_ATV_74_30_70	38.512	49.000	21.364	75.451	-24.198	41.458
Coloroid_ATV_74_35_70	37.168	49.000	16.032	75.451	-28.552	52.064
Coloroid_ATV_74_40_70	35.825	49.000	10.701	75.451	-33.012	65.380
Coloroid_ATV_74_45_70	34.481	49.000	5.369	75.451	-37.584	84.334
Coloroid_ATV_75_5_70	45.504	49.000	48.083	75.451	-3.039	5.372
Coloroid_ATV_75_10_70	44.435	49.000	42.813	75.451	-6.127	11.153
Coloroid_ATV_75_15_70	43.366	49.000	37.543	75.451	-9.264	17.430
Coloroid_ATV_75_20_70	42.297	49.000	32.273	75.451	-12.453	24.325
Coloroid_ATV_75_25_70	41.228	49.000	27.004	75.451	-15.696	32.018
Coloroid_ATV_75_30_70	40.159	49.000	21.734	75.451	-18.996	40.790
Coloroid_ATV_75_35_70	39.090	49.000	16.464	75.451	-22.355	51.124
Coloroid_ATV_75_40_70	38.021	49.000	11.194	75.451	-25.776	63.981
Coloroid_ATV_75_45_70	36.952	49.000	5.925	75.451	-29.262	81.888
Coloroid_ATV_76_5_70	45.739	49.000	48.145	75.451	-2.367	5.307
Coloroid_ATV_76_10_70	44.905	49.000	42.938	75.451	-4.764	11.011
Coloroid_ATV_76_15_70	44.071	49.000	37.730	75.451	-7.190	17.198
Coloroid_ATV_76_20_70	43.237	49.000	32.522	75.451	-9.647	23.983
Coloroid_ATV_76_25_70	42.402	49.000	27.315	75.451	-12.136	31.537
Coloroid_ATV_76_30_70	41.568	49.000	22.107	75.451	-14.658	40.125
Coloroid_ATV_76_35_70	40.734	49.000	16.900	75.451	-17.214	50.192
Coloroid_ATV_76_40_70	39.900	49.000	11.692	75.451	-19.805	62.612
Coloroid_ATV_76_45_70	39.066	49.000	6.485	75.451	-22.432	79.570
END_DATA