1	23.52     46.17     61.38     49.92     37.68     3.19      
2	23.54     42.51     59.03     46.16     34.85     3.16      
3	23.56     39.49     56.86     42.88     32.33     2.91      
4	23.59     35.83     54.62     39.45     29.83     3.27      
5	23.62     32.21     52.21     35.94     27.26     3.49      
6	23.65     28.87     50.11     32.93     25.11     3.96      
7	23.68     25.11     48.63     30.45     23.65     5.61      
8	23.71     22.03     46.36     27.48     21.49     5.83      
9	23.77     17.02     42.36     22.59     17.94     6.12      
10	23.81     14.53     40.28     20.20     16.22     6.32      
11	23.84     12.00     38.41     18.03     14.75     6.83      
12	23.87     9.92      36.92     16.33     13.63     7.35      
13	23.89     7.87      35.01     14.38     12.26     7.55      
14	23.92     5.86      33.65     12.87     11.32     8.22      
15	24.43     4.01      32.02     11.37     10.25     8.67      
16	26.68     2.23      31.00     10.44     9.61      9.74      
17	32.52     1.15      29.97     9.31      8.98      10.26     
18	40.17     1.02      29.01     8.66      8.42      10.19     
19	44.15     1.14      28.36     8.30      8.04      10.38     
20	50.05     2.21      28.08     8.36      7.88      13.01  
21	51.08     3.95      28.02     8.15      7.85      14.05   
22	51.21     5.82      28.01     8.27      7.85      15.92     
23	51.32     8.95      28.07     8.50      7.88      19.10     
24	51.38     11.08     28.26     8.72      7.99      21.29     
25	51.42     14.12     28.98     9.30      8.40      24.82     
26	51.46     17.01     29.02     9.48      8.42      27.65     
27	51.52     19.92     29.98     10.13     8.99      30.93     
28	51.54     23.76     31.02     10.96     9.62      35.43     
29	51.63     28.03     31.09     11.04     9.67      39.00     
30	51.66     31.82     33.85     12.92     11.46     44.56     
1                     11.69     70.71     87.86     69.87     77.19     14.10     
2                     11.61     68.98     86.65     67.71     75.08     13.41     
3                     11.51     67.25     85.85     66.23     73.70     13.56     
4                     11.23     61.60     83.24     61.71     69.29     14.25     
5                     10.86     56.33     79.96     56.14     63.94     13.39     
6                     10.53     52.66     78.86     54.12     62.19     15.12     
7                     10.31     48.54     75.79     49.55     57.44     13.91     
8                     76.97     43.97     72.99     45.48     53.28     13.85     
9                     76.52     41.62     71.03     42.26     50.45     12.88     
10                   76.24     38.44     69.57     40.33     48.40     13.87     
11                    75.67     33.41     65.02     34.39     42.28     12.04     
12                    75.19     30.68     63.56     32.43     40.40     12.72     
13                    74.61     25.77     60.58     29.16     36.70     13.76     
14                    74.15     22.52     58.03     26.49     33.67     13.78     
15                    73.48     17.67     54.99     23.74     30.24     15.17     
16                    72.61     13.43     50.93     20.05     25.94     14.91     
17                    71.77     10.21     46.86     16.63     21.96     13.98     
18                    70.23     6.58      43.02     13.89     18.51     14.72     
19                    66.71     6.08      42.28     13.47     17.88     15.19     
20                    65.68     6.57      41.21     12.81     16.98     15.83     
21                    64.45     8.96      40.27     12.26     16.22     16.60     
22                    62.95     11.53     39.03     11.64     15.23     17.28     
23                    61.19     13.48     38.01     11.28     14.45     18.52     
24                    60.07     14.62     37.52     11.18     14.08     19.55     
25                    56.23     15.76     36.96     11.08     13.66     20.75     
26                    55.49     16.85     36.52     11.08     13.34     22.18     
27                    54.92     18.17     35.71     10.75     12.75     23.33     
28                    54.47     19.11     35.07     10.47     12.30     24.06     
29                    53.97     20.87     34.97     10.58     12.23     26.00     
30                    53.51     22.01     34.56     10.59     11.94     27.54     
31                    53.21     23.03     34.01     10.44     11.57     28.68     
32                    52.76     25.47     33.68     10.65     11.34     31.84     
33                    52.49     26.72     33.16     10.67     11.00     33.66     
34                    52.27     27.86     33.06     10.95     10.93     35.76     
35                    52.08     28.97     32.92     11.21     10.84     37.86     
36                    51.89     29.86     32.51     11.38     10.57     39.72     
37                    51.65     30.78     32.27     11.87     10.41     42.41     
38                    51.51     31.53     32.11     12.22     10.31     44.43     
39                    51.48     32.36     32.04     12.32     10.27     45.56     
40                    51.27     34.24     32.01     13.19     10.25     50.28     

