	  58.0399	  23.5970	  45.9692	  61.3840	49.920	37.680	 3.190
	  54.1500	  23.6223	  42.3069	  59.0339	46.160	34.850	 3.160
	  50.3713	  23.6424	  39.3070	  56.8595	42.880	32.330	 2.910
	  46.7060	  23.6894	  35.6259	  54.6168	39.450	29.830	 3.270
	  43.1560	  23.7285	  31.9975	  52.2111	35.940	27.260	 3.490
	  39.7225	  23.7887	  28.6366	  50.1099	32.930	25.110	 3.960
	  36.3028	  23.8915	  24.7775	  48.6313	30.450	23.650	 5.610
	  32.8984	  23.9634	  21.6807	  46.3573	27.480	21.490	 5.830
	  29.4084	  24.1016	  16.6573	  42.3556	22.590	17.940	 6.120
	  25.8354	  24.2071	  14.1523	  40.2741	20.200	16.220	 6.320
	  22.2834	  24.3553	  11.5994	  38.4057	18.030	14.750	 6.830
	  18.3507	  24.5379	   9.4990	  36.9188	16.330	13.630	 7.350
	  14.3450	  24.7551	   7.4363	  35.0143	14.380	12.260	 7.550
	  10.0705	  25.1983	   5.4007	  33.6452	12.870	11.320	 8.220
	   5.5331	  26.3442	   3.5799	  32.0156	11.370	10.250	 8.670
	   0.7379	  32.8428	   2.9760	  31.0000	10.440	 9.610	 9.740
	  -4.3819	  40.0987	   1.9175	  29.9666	 9.310	 8.980	10.260
	 -10.6623	  42.8335	   1.7283	  29.0172	 8.660	 8.420	10.190
	 -22.5881	  44.7814	   1.8317	  28.3549	 8.300	 8.040	10.380
	 -34.6550	  46.7266	   2.8019	  28.0713	 8.360	 7.880	13.010
	 -46.2087	  50.6751	   3.7961	  28.0179	 8.150	 7.850	14.050
	 -57.2828	  50.8898	   5.5832	  28.0179	 8.270	 7.850	15.920
	 -67.9473	  51.0828	   8.6340	  28.0713	 8.500	 7.880	19.100
	 -78.2908	  51.1790	  10.7209	  28.2666	 8.720	 7.990	21.290
	 -87.6567	  51.2580	  13.7424	  28.9828	 9.300	 8.400	24.820
	 -96.1152	  51.3164	  16.5504	  29.0172	 9.480	 8.420	27.650
	-108.0991	  51.3874	  19.4135	  29.9833	10.130	 8.990	30.930
	-116.6279	  51.4190	  23.1688	  31.0161	10.960	 9.620	35.430
	-123.8169	  51.5314	  27.4621	  31.0966	11.040	 9.670	39.000
	-130.5993	  51.5562	  31.2025	  33.8526	12.920	11.460	44.560
  -1.0000
	  58.0399	  11.7967	  69.7116	  87.8578	69.870	77.190	14.100
	  54.1500	  11.7095	  68.0232	  86.6487	67.710	75.080	13.410
	  50.3713	  11.6115	  66.2847	  85.8487	66.230	73.700	13.560
	  46.7060	  11.3427	  60.5917	  83.2406	61.710	69.290	14.250
	  43.1560	  10.9666	  55.3843	  79.9625	56.140	63.940	13.390
	  39.7225	  10.6512	  51.5749	  78.8606	54.120	62.190	15.120
	  36.3028	  10.4258	  47.5464	  75.7892	49.550	57.440	13.910
	  32.8984	  10.0903	  42.9845	  72.9932	45.480	53.280	13.850
	  29.4084	  76.6254	  40.6854	  71.0282	42.260	50.450	12.880
	  25.8354	  76.3550	  37.4425	  69.5701	40.330	48.400	13.870
	  22.2834	  75.7585	  32.5434	  65.0231	34.390	42.280	12.040
	  18.3507	  75.2802	  29.7626	  63.5610	32.430	40.400	12.720
	  14.3450	  74.6822	  24.7605	  60.5805	29.160	36.700	13.760
	  10.0705	  74.2243	  21.5103	  58.0259	26.490	33.670	13.780
	   5.5331	  73.5073	  16.5559	  54.9909	23.740	30.240	15.170
	   0.7379	  72.5709	  12.3293	  50.9313	20.050	25.940	14.910
	  -4.3819	  71.6519	   9.1808	  46.8615	16.630	21.960	13.980
	 -10.6623	  66.8360	   5.7160	  43.0232	13.890	18.510	14.720
	 -22.5881	  66.1887	   5.5383	  42.2847	13.470	17.880	15.190
	 -34.6550	  65.0007	   7.3113	  41.2068	12.810	16.980	15.830
	 -46.2087	  63.6205	   9.9875	  40.2741	12.260	16.220	16.600
	 -57.2828	  62.0525	  11.9664	  39.0256	11.640	15.230	17.280
	 -67.9473	  60.2719	  13.7348	  38.0132	11.280	14.450	18.520
	 -78.2908	  56.4335	  14.7477	  37.5233	11.180	14.080	19.550
	 -87.6567	  55.6820	  15.7341	  36.9594	11.080	13.660	20.750
	 -96.1152	  55.0347	  16.7530	  36.5240	11.080	13.340	22.180
	-108.0991	  54.3611	  18.0447	  35.7071	10.750	12.750	23.330
	-116.6279	  54.0053	  18.9448	  35.0714	10.470	12.300	24.060
	-123.8169	  53.5931	  20.7151	  34.9714	10.580	12.230	26.000
	-130.5993	  53.1890	  21.7812	  34.5543	10.590	11.940	27.540
	-136.9914	  52.9474	  22.8219	  34.0147	10.440	11.570	28.680
	-143.2985	  52.5548	  25.1871	  33.6749	10.650	11.340	31.840
	-149.9171	  52.3184	  26.3903	  33.1662	10.670	11.000	33.660
	-160.9408	  52.1202	  27.5548	  33.0606	10.950	10.930	35.760
	-174.5028	  51.9568	  28.7453	  32.9242	11.210	10.840	37.860
	 174.2739	  51.7821	  29.5054	  32.5115	11.380	10.570	39.720
	 162.6510	  51.5509	  30.1698	  32.2645	11.870	10.410	42.410
	 150.4476	  51.4174	  30.8096	  32.1092	12.220	10.310	44.430
	 138.3550	  51.3954	  31.6563	  32.0468	12.320	10.270	45.560
	 126.4876	  51.1976	  33.5435	  32.0156	13.190	10.250	50.280
  -1.0000          