10      52
11      53
12      54
13      55
14	55
15      54
16      53
20      52
21      45
22      40
23      36
24      35
25	34
26      29
30      27
31      25
32      24
33      24
34      23
35      22
40      21
41      21
42      21
43      21
44      21
45      20
46      18
50      18
51      19
52      21
53      28
54      35
55      41
56      40
60      41
61      42
62      41
63      38
64      35
65      30
66      25
70      24
71      27
72      35
73      40
74      45
75      48
76      50
