10      42
11      43
12      44
13      43
14      42
15      41
16      41
20      42
21      43
22      45
23      47
24      45
25      43
26      38
30      37
31      35
32      33
33      32
34      31
35      30
40      28
41      28
42      27
43      27
44      26
45      26
46      24
50      24
51      25
52      30
53      38
54      40
55      44
56      51
60      55
61      54
62      54
63      51
64      48
65      45
66      40
70      35
71      35
72      28
73      28
74      32
75      35
76      38
