1         24.19     26.19     27.42
2         35.58     39.35     36.87
3         30.74     33.85     31.52
4         42.58     46.56     48.00
5         31.14     34.39     37.51
6         42.76     46.13     49.80
7         41.25     43.79     46.03
8         55.40     58.88     54.77
1         23.99     26.19     26.98
2         27.94     30.59     31.05     
3         31.47     34.13     34.46     
4         35.58     38.53     38.34     
5         38.12     41.77     39.78     
6         45.99     49.13     48.62     
7         50.61     54.04     51.85     
8         55.16     58.87     54.67     
1         23.99     26.19     26.98     
2         27.24     29.99     29.89     
3         31.14     34.09     33.29     
4         35.35     38.55     36.94     
5         39.63     43.03     40.50     
6         44.39     47.90     44.72     
7         49.90     53.47     49.84     
8         55.15     58.87     54.67   
1         23.99     26.19     26.98     
2         27.42     30.06     29.89     
3         31.25     34.20     33.16     
4         35.38     38.60     36.79     
5         39.89     43.27     40.76     
6         44.74     48.21     45.06     
7         49.88     53.41     49.73     
8         55.15     58.87     54.67     
1         15.32     17.28     43.06     
2         17.58     20.33     45.80     
3         17.53     20.37     44.28     
4         20.45     23.69     46.64     
5         24.77     28.14     53.25     
6         26.05     29.70     57.02     
7         28.22     32.00     56.97     
8         33.11     36.32     62.07     
9         39.06     42.17     66.28     
10        52.28     56.54     81.30     
1         15.33     17.28     43.11     
2         18.41     20.49     46.42     
3         21.49     23.97     48.98     
4         25.02     27.76     52.39     
5         28.91     31.89     56.45     
6         32.92     36.18     60.53     
7         37.40     40.92     65.23     
8         42.09     45.86     70.25     
9         46.29     50.25     74.69     
10        52.28     56.54     81.31   
1        15.33     17.28     43.11     
2        18.34     20.50     46.00     
3        21.33     23.99     48.40     
4        24.97     27.78     52.29     
5        28.86     31.90     56.29     
6        32.95     36.20     60.40     
7        37.30     40.83     65.10     
8        42.16     46.00     70.22     
9        46.98     50.99     75.51     
10      52.28     56.54     81.31 
1        15.33     17.28     43.11     
2        18.28     20.52     45.81     
3        21.53     24.05     48.93     
4        25.06     27.85     52.43     
5        28.88     31.93     56.32     
6        32.99     36.29     60.56     
7        37.39     40.93     65.19     
8        42.07     45.85     70.19     
9        47.02     51.04     75.56     
10      52.28     56.54     81.31     
1         27.77     32.72     52.65     
2         26.79     31.84     54.05     
3         28.16     32.84     52.84     
4         29.41     36.39     53.75     
5         31.68     38.15     54.81     
6         41.65     48.48     68.41     
7         43.30     51.12     68.50     
8         45.44     53.18     70.44     
1         27.78     32.72     52.68     
2         29.95     35.31     54.68     
3         32.30     38.08     56.93     
4         34.73     40.81     59.57     
5         37.30     43.80     62.07     
6         39.77     46.68     64.52     
7         42.62     49.93     67.53     
8         45.44     53.17     70.44   
1        27.77     32.72     52.65     
2        30.01     35.30     54.89     
3        32.38     38.04     57.27     
4        34.70     40.86     59.33     
5        37.24     43.76     61.93     
6        39.92     46.68     65.00     
7        42.62     49.96     67.49 
8        45.44     53.18     70.44     
1        27.77     32.72     52.65     
2        30.02     35.33     54.85     
3        32.37     38.06     57.20     
4        34.79     40.87     59.58     
5        37.28     43.78     62.02     
6        39.90     46.81     64.68     
7        42.62     49.94     67.51   
8        45.44     53.18     70.44     
1         65.11     72.95     44.00     
2         64.37     72.62     43.47     
3         65.53     73.63     44.03     
4         65.37     73.54     42.79     
5         67.35     75.34     45.12     
6         69.43     77.30     46.86     
7         70.04     77.80     47.18     
8         70.08     77.75     48.50     
9         70.39     78.06     50.27     
1         65.11     72.95     44.00     
2         64.75     73.53     44.38     
3         65.33     74.11     45.10     
4        66.06     74.86     45.98     
5        66.66     75.46     46.72     
6        67.21     76.02     47.41     
7        67.90     76.72     48.27     
8        68.50     77.33     49.00
9        70.39     78.06     50.27  
1        65.11     72.95     44.00     
2        64.70     73.48     44.32     
3        65.40     74.18     45.19     
4        65.99     74.79     45.91     
5        66.62     75.43     46.69     
6        67.29     76.11     47.51     
7        67.89     76.72     48.24     
8        68.50     77.33     48.99  
9        70.39     78.06     50.27   
1        65.11     72.95     44.00     
2        64.78     73.56     44.43     
3        65.39     74.18     45.18     
4        66.01     74.81     45.93     
5        66.64     75.45     46.72     
6        67.27     76.09     47.49     
7        67.90     76.72     48.25     
8        68.52     77.35     49.02     
9        70.39     78.06     50.27     
1         65.22     64.45     21.84     
2         66.24     65.17     20.80     
3         66.14     65.96     25.09     
4         68.02     68.33     28.28     
5         68.77     69.57     31.27     
6         71.73     72.47     35.29     
7         72.05     72.99     33.25     
8         72.79     74.36     37.43     
9         72.96     74.36     37.29   
1         65.22     64.45     21.84     
2         65.72     65.63     23.52     
3         67.01     66.72     25.48     
4         67.94     68.08     27.49     
5         68.83     69.32     29.36     
6         69.85     70.53     31.34     
7         70.83     71.79     33.27     
8         71.72     72.93     35.09    
9         72.96     74.36     37.29     
1         65.22     64.45     21.84     
2         65.68     65.66     23.52     
3         67.10     66.83     25.62     
4         68.01     68.15     27.56     
5         68.83     69.31     29.38     
6         69.85     70.51     31.30     
7         70.84     71.76     33.24     
8         71.89     73.12     35.31
9         72.96     74.36     37.29    
1         65.22     64.45     21.84     
2         66.09     65.64     23.70     
3         66.99     66.85     25.57     
4         67.93     68.06     27.47     
5         68.90     69.31     29.41     
6         69.87     70.54     31.34     
7         70.85     71.79     33.28     
8         71.87     73.07     35.26     
9         72.96     74.36     37.29     
1         39.13     43.24     39.86     
2         42.73     47.18     44.85     
3         44.46     48.97     47.62     
4         48.18     53.01     53.90     
5         47.20     51.72     53.96     
6         57.86     62.38     64.79     
7         58.28     63.01     65.33     
8         60.40     64.92     65.32     
9         62.45     66.73     71.53     
10        63.91     68.05     73.42  
1         39.13     43.24     39.86     
2         41.32     45.40     42.88     
3         43.78     47.96     46.14     
4         46.73     50.91     50.21     
5         49.28     53.55     53.74     
6         52.07     56.28     57.47     
7         54.80     59.09     61.15     
8         57.75     62.03     65.09     
9         60.74     65.01     69.07     
10        63.91     68.05     73.42   
1         39.13     43.24     39.86     
2         41.42     45.58     43.01     
3         44.09     48.27     46.60     
4         46.66     50.88     50.16     
5         49.31     53.57     53.74     
6         52.01     56.28     57.48     
7         54.88     59.15     61.25     
8         57.59     61.87     64.90     
9         60.77     65.04     69.11   
10        63.91     68.05     73.42  
1         39.13     43.24     39.86     
2         41.55     45.71     43.16     
3         44.07     48.26     46.61     
4         46.66     50.88     50.15     
5         49.30     53.55     53.75     
6         52.02     56.30     57.42     
7         54.84     59.12     61.21     
8         57.72     62.00     65.06     
9         60.70     64.96     69.00     
10        63.91     68.05     73.42   
1         55.21     52.97     10.84     
2         56.91     56.33     16.30     
3         62.39     62.05     18.88     
4         62.81     62.85     19.45     
5         63.38     63.25     20.53     
6         64.30     65.01     25.85     
7         65.00     67.23     27.51     
8         67.29     69.81     30.39     
9         68.20     70.41     27.16     
10       69.48     72.48     34.25    
1         55.21     52.97     10.84     
2         56.71     55.00     13.26     
3         58.17     57.02     15.65     
4         59.42     59.09     18.10     
5         61.08     61.32     20.75     
6         62.52     63.44     23.24     
7         64.17     65.64     25.93     
8         65.95     67.86     28.66     
9         67.71     70.17     31.46    
10        69.48     72.48     34.25 
1         55.21     52.97     10.84     
2         56.71     54.95     13.23     
3         58.22     57.05     15.71     
4         59.47     59.12     18.15     
5         60.96     61.25     20.61     
6         62.54     63.44     23.26     
7         62.54     63.98     23.95     
8         65.90     67.88     28.66     
9         67.73     70.19     31.46    
10        69.48     72.48     34.25 
1        55.21     52.97     10.84     
2        56.72     54.98     13.24     
3        58.16     57.03     15.69     
4        59.49     59.12     18.12     
5        60.97     61.26     20.65     
6        62.50     63.43     23.23
7        64.17     65.63     25.91     
8        65.89     67.86     28.63     
9        67.66     70.14     31.40     
10       69.48     72.48     34.25     
1         55.62     56.64     41.51     
2         56.38     57.58     41.84     
3         57.33     58.32     42.51     
4         58.14     59.81     44.70     
5         58.17     59.24     42.72     
6         57.95     59.60     44.34     
7         62.58     64.60     49.71     
8         63.16     65.28     50.62   
1         55.62     56.64     41.51     
2         56.64     57.81     42.73     
3         57.71     59.06     44.04     
4         58.82     60.26     45.37     
5         59.82     61.48     46.58     
6         60.97     62.76     47.98     
7         62.05     64.00     49.26   
8         63.16     65.28     50.62 
1         55.62     56.64     41.51     
2         56.61     57.81     42.71 
3         57.73     59.06     44.07     
4         58.76     60.23     45.31     
5         59.86     61.50     46.61     
6         60.94     62.74     47.95     
7         62.09     64.03     49.33  
8         63.16     65.28     50.62     
1        55.62     56.64     41.51     
2        56.66     57.84     42.77     
3        57.71     59.04     44.04     
4        58.78     60.26     45.33     
5        59.86     61.50     46.63     
6        60.95     62.74     47.95     
7        62.06     64.02     49.30     
8        63.16     65.28     50.62     
1         54.42     60.97     43.92     
2         45.50     52.56     33.89     
3         41.54     48.67     29.39     
4         40.89     48.45     27.57     
5         43.70     52.23     25.16     
6         38.23     46.32     20.38     
7         38.23     45.81     21.07     
8         38.38     46.32     20.38     
1         54.42     60.97     43.92     
2         52.05     58.78     40.46     
3         49.60     56.55     36.89     
4         47.33     54.43     33.50     
5         45.01     52.33     30.19     
6         42.76     50.31     26.84     
7         40.52     48.27     23.58
8         38.38     46.32     20.38     
1        54.42     60.97     43.92     
2        51.96     58.72     40.35     
3        49.64     56.58     36.96     
4        47.28     54.42     33.46     
5        45.04     52.35     30.18     
6        42.78     50.28     26.85     
7        40.52     48.26     23.55 
8        38.38     46.32     20.38    
1         54.42     60.97     43.92     
2         52.01     58.75     40.40     
3         49.63     56.57     36.93     
4         47.31     54.43     33.53     
5         45.03     52.35     30.17     
6         42.76     50.30     26.85     
7         40.55     48.29     23.59     
8         38.38     46.32     20.38     
1         68.18     68.47     67.94     
2         62.68     62.50     61.62     
3         57.61     57.11     57.16     
4         53.04     52.35     51.78     
5         52.15     51.03     50.17     
6         51.13     50.19     50.10     
7         48.72     47.62     45.90     
8         47.54     46.00     42.74     
9         42.18     40.78     37.64     
10        40.47     38.98     37.09    
1         68.18     68.47     67.94     
2         64.96     65.00     64.31     
3         61.46     61.32     60.35     
4         58.10     57.70     56.57     
5         54.92     54.33     53.03     
6         51.82     51.05     49.57     
7         48.89     47.93     46.35     
8         46.00     44.84     43.12     
9         43.18     41.85     40.04 
10        40.47     38.98     37.09     
1         68.18     68.47     67.94     
2         64.70     64.75     63.99     
3         61.39     61.21     60.29     
4         58.13     57.74     56.59     
5         54.91     54.33     53.04     
6         51.84     51.07     49.58     
7         48.86     47.90     46.30     
8         45.96     44.81     43.10     
9         43.18     41.84     40.03 
10        40.47     38.98     37.09     
1        68.18     68.47     67.94     
2        64.72     64.77     64.02     
3        61.37     61.20     60.26     
4        58.10     57.71     56.58     
5        54.93     54.35     53.04     
6        51.84     51.07     49.59     
7        48.85     47.89     46.28     
8        45.98     44.82     43.12     
9        43.18     41.85     40.05     
10       40.47     38.98     37.09     
1         51.96     46.55       2.15      
2         51.04     49.15       4.48      
3         57.53     55.34     12.76     
4         56.76     53.90     14.33     
5         58.28     56.78     15.78     
6         60.26     58.10     19.57     
7         60.68     59.32     19.84     
8         60.08     57.92     19.45     
9         58.52     55.93     20.78     
10        60.79     59.47     24.76  
1         51.96     46.55     2.15      
2         52.15     47.57     4.07      
3         53.56     49.32     6.84      
4         54.38     50.62     9.20      
5         55.21     52.19     11.83     
6         56.19     53.47     14.15     
7         57.32     54.88     16.70     
8         58.00     56.36     19.14     
9         59.28     57.81     21.77 
10        60.79     59.47     24.76  
1        51.96     46.55     2.15      
2        52.78     47.93     4.50      
3        53.77     49.34     7.06      
4        54.48     50.59     9.30      
5        55.56     52.14     11.88     
6        56.51     53.48     14.24     
7        57.38     54.92     16.79     
8        58.43     56.33     19.32     
9        59.66     57.93     22.06   
10       60.79     59.47     24.76  
1       51.96     46.55     2.15      
2       52.79     47.90     4.54      
3       53.65     49.25     6.93      
4       54.55     50.64     9.35      
5       55.47     52.03     11.78     
6       56.43     53.45     14.28     
7       57.44     54.89     16.81     
8       58.46     56.34     19.35     
9       59.55     57.84     21.97  
10      60.79     59.47     24.76  
1         41.89     43.06     54.17     
2         38.06     39.13     49.50     
3         37.53     38.54     48.96     
4         33.75     35.05     47.90     
5         31.06     32.58     46.24     
6         33.20     34.92     50.08     
7         30.77     32.45     48.70     
8         25.94     27.37     41.23     
9         24.20     25.63     40.75     
10        23.33     24.92     41.03    
1         41.89     43.06     54.17     
2         39.47     40.64     51.74     
3         37.35     38.60     50.59     
4         35.34     36.65     49.22     
5         32.22     33.58     46.63     
6         30.71     32.09     45.50     
7         29.00     30.46     44.70     
8         27.01     28.50     43.33     
9         25.37     26.92     42.39 
10        23.33     24.92     41.03    
1         41.89     43.06     54.17     
2         39.60     40.82     52.45     
3         37.65     38.91     51.02     
4         34.94     36.25     48.86     
5         33.01     34.36     47.50     
6         30.83     32.23     45.95     
7         28.98     30.44     44.79     
8         27.04     28.54     43.45     
9         25.13     26.68     42.20  
10        23.33     24.92     41.03  
1        41.89     43.06     54.17     
2        39.58     40.79     52.40     
3        37.33     38.59     50.70     
4        35.15     36.46     49.10     
5        33.03     34.39     47.57     
6        30.96     32.36     46.10     
7        28.97     30.42     44.72     
8        27.03     28.53     43.42     
9        25.14     26.69     42.18     
10       23.33     24.92     41.03    
1         45.34     49.70     80.92     
2         43.50     47.73     80.86     
3         39.35     44.09     77.16     
4         37.17     41.95     73.12     
5         37.62     42.16     72.94     
6         33.35     37.83     65.46     
7         34.46     38.77     60.93     
8         31.92     35.87     57.87     
9         31.12     34.82     50.92     
10       30.00     33.73     48.26   
1         45.34     49.70     80.92     
2         43.31     47.60     76.96     
3         41.47     45.78     72.74     
4         39.96     44.12     69.66     
5         38.19     42.29     65.83     
6         36.29     40.54     61.55     
7         34.65     38.66     58.31     
8         33.04     37.10     54.66     
9         31.38     35.27     51.24 
10        30.00     33.73     48.26    
1         45.34     49.70     80.92     
2         43.43     47.76     76.91     
3         41.48     45.81     72.85     
4         39.78     44.05     69.18     
5         38.07     42.24     65.64     
6         36.30     40.44     61.71     
7         34.62     38.69     58.19     
8         33.02     37.03     54.70     
9         31.48     35.37     51.39 
10        30.00     33.73     48.26    
1        45.34     49.70     80.92     
2        43.43     47.78     76.89     
3        41.57     45.89     72.98     
4        39.78     44.04     69.20     
5        38.04     42.22     65.55     
6        36.31     40.45     61.83     
7        34.63     38.71     58.19     
8        33.02     37.02     54.72     
9        31.47     35.35     51.41     
10       30.00     33.73     48.26    
1         41.05     48.96     17.65     
2         34.99     41.31     13.51     
3         27.78     32.37     11.05     
4         34.13     38.97     14.02     
5         31.71     36.89     13.30     
6         28.46     33.29     13.26     
7         35.38     40.37     17.74     
8         36.60     41.02     18.45     
9         25.53     28.82     8.56     
1         41.05     48.96     17.65     
2         38.73     46.27     16.29     
3         38.33     43.57     26.10     
4         33.84     40.69     13.02     
5         33.07     38.27     12.44     
6         31.00     35.70     11.33     
7         29.15     33.32     10.31     
8         27.19     31.01     9.30  
9         25.53     28.82     8.56      
1        41.05     48.96     17.65     
2        38.58     46.13     16.05     
3        36.26     43.44     14.68     
4        33.93     40.76     13.26     
5        33.03     38.23     12.43     
6        31.09     35.77     11.34     
7        29.13     33.34     10.31     
8        27.35     31.06      9.40 
9        25.53     28.82      8.56      
1        41.05     48.96     17.65     
2        38.60     46.14     16.09     
3        36.23     43.41     14.63     
4        33.94     40.77     13.26     
5        33.01     38.22     12.42     
6        31.05     35.75     11.33     
7        29.16     33.35     10.31     
8        27.33     31.05     9.40   
9        25.53     28.82     8.56      
1         71.11     77.84     49.92     
2         69.14     76.20     47.31     
3         64.73     71.98     46.29     
4         63.37     71.59     41.21     
5         64.54     72.23     43.83     
6         59.58     67.57     42.62     
7         52.39     60.28     34.31     
8         46.65     54.68     32.05  
1         71.11     77.84     49.92     
2         65.92     74.49     46.82     
3         62.52     70.78     43.85     
4         59.54     67.47     41.46     
5         59.40     67.22     42.58     
6         53.13     60.92     36.63     
7         49.82     57.78     34.26  
8         46.65     54.68     32.05  
1         71.11     77.84     49.92     
2         67.29     74.27     47.00     
3         62.58     70.83     43.94     
4         59.51     67.44     41.45     
5         56.47     64.10     38.99     
6         53.07     60.90     36.60     
7         49.83     57.73     34.26    
8         46.65     54.68     32.05  
1         71.11     77.84     49.92     
2         67.30     74.29     47.03     
3         62.56     70.81     43.93     
4         59.49     67.42     41.42     
5         56.48     64.11     39.02     
6         53.07     60.89     36.58     
7         49.81     57.74     34.26     
8         46.65     54.68     32.05  
1         42.19     40.74     36.11     
2         44.63     42.99     38.19     
3         53.47     51.78     46.52     
4         55.83     54.04     48.32     
5         55.80     54.10     48.95     
6         60.27     58.83     54.39     
7         60.10     58.85     54.19     
8         67.28     66.29     62.75     
9         68.01     67.41     64.14     
10        70.71     70.26     66.55  
1        42.19     40.74     36.11     
2        44.93     43.49     38.84     
3        47.53     46.23     41.60     
4        50.76     49.60     45.14     
5        54.01     52.93     48.56     
6        57.20     56.27     51.95     
7        60.38     59.51     55.33     
8        63.78     63.03     58.99     
9        67.17     66.62     62.78 
10       70.71     70.26     66.55    
1         42.19     40.74     36.11     
2         44.97     43.61     39.02     
3         47.89     46.64     42.06     
4         50.83     49.66     45.19     
5         53.94     52.88     48.50     
6         57.11     56.13     51.83     
7         60.39     59.55     55.41     
8         63.70     62.98     58.96     
9         67.18     66.59     62.71
10        70.71     70.26     66.55    
1          42.19     40.74     36.11     
2          44.98     43.63     39.02     
3          47.87     46.61     42.05     
4          50.86     49.69     45.21     
5          53.94     52.87     48.48     
6          57.11     56.15     51.86     
7          60.37     59.52     55.36     
8          63.72     63.00     58.97     
9          67.16     66.57     62.69     
10         70.71     70.26     66.55    
1         31.27     32.13     38.22     
2         36.00     37.52     43.46     
3         48.51     50.48     54.62     
4         47.05     48.33     51.29     
5         53.45     54.48     57.64     
6         57.94     58.59     62.69     
7         58.13     59.20     63.93     
8         67.06     67.62     71.79  
1         31.27     32.13     38.22     
2         35.06     36.42     42.91     
3         38.20     40.99     46.09     
4         42.72     45.68     49.07     
5         48.37     50.77     53.84     
6         54.38     56.27     59.74     
7         60.39     61.72     65.38  
8         67.06     67.62     71.79  
1        31.27     32.13     38.22     
2        35.03     36.39     42.85     
3        38.17     40.95     46.08     
4        42.86     45.75     49.20     
5        48.44     50.79     54.12     
6        54.28     56.18     59.62     
7        60.40     61.73     65.44   
8        67.06     67.62     71.79    
1        31.27     32.13     38.22     
2        35.05     36.40     42.87     
3        38.16     40.93     46.07     
4        42.83     45.74     49.17     
5        48.46     50.81     54.15     
6        54.24     56.15     59.58     
7        60.42     61.75     65.45     
8        67.06     67.62     71.79      
