
	  58.0399	  10.0000	  42.0000	  77.4597	51.828	60.000	22.129
	  54.1500	  11.0000	  43.0000	  77.4597	53.491	60.000	21.694
	  50.3713	  12.0000	  44.0000	  77.4597	55.182	60.000	21.316
	  46.7060	  13.0000	  43.0000	  77.4597	56.912	60.000	22.965
	  43.1560	  14.0000	  42.0000	  77.4597	58.526	60.000	24.613
	  39.7225	  15.0000	  41.0000	  77.4597	60.032	60.000	26.257
	  36.3028	  16.0000	  41.0000	  77.4597	61.593	60.000	26.987
	  32.8984	  20.0000	  42.0000	  77.4597	63.329	60.000	26.866
	  29.4084	  21.0000	  43.0000	  77.4597	65.226	60.000	26.883
	  25.8354	  22.0000	  45.0000	  77.4597	67.531	60.000	26.197
	  22.2834	  23.0000	  47.0000	  77.4597	70.055	60.000	25.727
	  18.3507	  24.0000	  45.0000	  77.4597	71.754	60.000	28.923
	  14.3450	  25.0000	  43.0000	  77.4597	73.355	60.000	32.238
	  10.0705	  26.0000	  38.0000	  77.4597	73.565	60.000	38.054
	   5.5331	  30.0000	  37.0000	  77.4597	75.142	60.000	41.341
	   0.7379	  31.0000	  35.0000	  77.4597	75.390	60.000	46.241
	  -4.3819	  32.0000	  33.0000	  77.4597	71.756	60.000	53.799
	 -10.6623	  33.0000	  32.0000	  77.4597	71.030	60.000	58.124
	 -22.5881	  34.0000	  31.0000	  77.4597	70.189	60.000	64.094
	 -34.6550	  35.0000	  30.0000	  77.4597	69.447	60.000	68.657
	 -46.2087	  40.0000	  28.0000	  77.4597	68.365	60.000	72.041
	 -57.2828	  41.0000	  28.0000	  77.4597	68.128	60.000	75.409
	 -67.9473	  42.0000	  27.0000	  77.4597	67.501	60.000	78.338
	 -78.2908	  43.0000	  27.0000	  77.4597	67.248	60.000	81.939
	 -87.6567	  44.0000	  26.0000	  77.4597	66.603	60.000	85.109
	 -96.1152	  45.0000	  26.0000	  77.4597	66.297	60.000	89.465
	-108.0991	  46.0000	  24.0000	  77.4597	64.984	60.000	96.146
	-116.6279	  50.0000	  24.0000	  77.4597	64.230	60.000	106.867
	-123.8169	  51.0000	  25.0000	  77.4597	60.230	60.000	96.806
	-130.5993	  52.0000	  30.0000	  77.4597	57.879	60.000	92.178
	-136.9914	  53.0000	  38.0000	  77.4597	56.011	60.000	91.786
	-143.2985	  54.0000	  40.0000	  77.4597	54.458	60.000	87.878
	-149.9171	  55.0000	  44.0000	  77.4597	52.895	60.000	85.658
	-160.9408	  56.0000	  51.0000	  77.4597	50.293	60.000	82.596
	-174.5028	  60.0000	  55.0000	  77.4597	47.650	60.000	77.727
	 174.2739	  61.0000	  54.0000	  77.4597	46.180	60.000	73.160
	 162.6510	  62.0000	  54.0000	  77.4597	44.342	60.000	68.728
	 150.4476	  63.0000	  51.0000	  77.4597	42.798	60.000	63.625
	 138.3550	  64.0000	  48.0000	  77.4597	40.432	60.000	57.618
	 126.4876	  65.0000	  45.0000	  77.4597	36.543	60.000	48.977
	 114.9924	  66.0000	  40.0000	  77.4597	32.426	60.000	37.149
	 103.8901	  70.0000	  35.0000	  77.4597	34.689	60.000	30.984
	  93.7146	  71.0000	  35.0000	  77.4597	38.267	60.000	27.935
	  84.4382	  72.0000	  28.0000	  77.4597	45.191	60.000	34.996
	  77.2558	  73.0000	  28.0000	  77.4597	47.587	60.000	35.152
	  71.2876	  74.0000	  32.0000	  77.4597	48.430	60.000	31.208
	  66.3506	  75.0000	  35.0000	  77.4597	49.545	60.000	28.441
	  62.0379	  76.0000	  38.0000	  77.4597	50.689	60.000	25.752
	  58.0399	  10.0000	  42.0000	  77.4597	51.828	60.000	22.129
  -1.0000
	  58.0399	  10.0000	  52.0000	  83.6660	60.094	70.000	22.732
	  54.1500	  11.0000	  53.0000	  83.6660	62.173	70.000	22.434
	  50.3713	  12.0000	  54.0000	  83.6660	64.267	70.000	22.202
	  46.7060	  13.0000	  55.0000	  83.6660	66.384	70.000	22.031
	  43.1560	  14.0000	  55.0000	  83.6660	68.494	70.000	22.898
	  39.7225	  15.0000	  54.0000	  83.6660	70.489	70.000	24.756
	  36.3028	  16.0000	  53.0000	  83.6660	72.434	70.000	26.653
	  32.8984	  20.0000	  52.0000	  83.6660	74.334	70.000	28.596
	  29.4084	  21.0000	  45.0000	  83.6660	75.112	70.000	35.984
	  25.8354	  22.0000	  40.0000	  83.6660	75.868	70.000	41.433
	  22.2834	  23.0000	  36.0000	  83.6660	76.511	70.000	45.884
	  18.3507	  24.0000	  35.0000	  83.6660	77.986	70.000	47.902
	  14.3450	  25.0000	  34.0000	  83.6660	79.442	70.000	50.052
	  10.0705	  26.0000	  29.0000	  83.6660	79.153	70.000	55.402
	   5.5331	  30.0000	  27.0000	  83.6660	79.751	70.000	58.713
	   0.7379	  31.0000	  25.0000	  83.6660	79.648	70.000	62.583
	  -4.3819	  32.0000	  24.0000	  83.6660	77.244	70.000	67.832
	 -10.6623	  33.0000	  24.0000	  83.6660	77.035	70.000	70.813
	 -22.5881	  34.0000	  23.0000	  83.6660	76.297	70.000	75.301
	 -34.6550	  35.0000	  22.0000	  83.6660	75.640	70.000	78.658
	 -46.2087	  40.0000	  21.0000	  83.6660	75.036	70.000	81.251
	 -57.2828	  41.0000	  21.0000	  83.6660	74.858	70.000	83.778
	 -67.9473	  42.0000	  21.0000	  83.6660	74.678	70.000	86.335
	 -78.2908	  43.0000	  21.0000	  83.6660	74.481	70.000	89.136
	 -87.6567	  44.0000	  21.0000	  83.6660	74.267	70.000	92.193
	 -96.1152	  45.0000	  20.0000	  83.6660	73.663	70.000	94.783
	-108.0991	  46.0000	  18.0000	  83.6660	72.500	70.000	99.330
	-116.6279	  50.0000	  18.0000	  83.6660	71.934	70.000	107.371
	-123.8169	  51.0000	  19.0000	  83.6660	68.966	70.000	100.140
	-130.5993	  52.0000	  21.0000	  83.6660	67.129	70.000	95.012
	-136.9914	  53.0000	  28.0000	  83.6660	65.783	70.000	95.712
	-143.2985	  54.0000	  35.0000	  83.6660	64.284	70.000	95.947
	-149.9171	  55.0000	  41.0000	  83.6660	62.681	70.000	95.160
	-160.9408	  56.0000	  40.0000	  83.6660	61.250	70.000	89.760
	-174.5028	  60.0000	  41.0000	  83.6660	59.542	70.000	85.460
	 174.2739	  61.0000	  42.0000	  83.6660	58.095	70.000	82.308
	 162.6510	  62.0000	  41.0000	  83.6660	56.901	70.000	78.798
	 150.4476	  63.0000	  38.0000	  83.6660	55.930	70.000	74.948
	 138.3550	  64.0000	  35.0000	  83.6660	54.432	70.000	70.595
	 126.4876	  65.0000	  30.0000	  83.6660	52.876	70.000	65.316
	 114.9924	  66.0000	  25.0000	  83.6660	51.157	70.000	58.605
	 103.8901	  70.0000	  24.0000	  83.6660	51.215	70.000	52.666
	  93.7146	  71.0000	  27.0000	  83.6660	52.060	70.000	47.370
	  84.4382	  72.0000	  35.0000	  83.6660	51.737	70.000	38.301
	  77.2558	  73.0000	  40.0000	  83.6660	53.045	70.000	33.108
	  71.2876	  74.0000	  45.0000	  83.6660	54.441	70.000	28.234
	  66.3506	  75.0000	  48.0000	  83.6660	56.271	70.000	25.628
	  62.0379	  76.0000	  50.0000	  83.6660	58.192	70.000	24.143
	  58.0399	  10.0000	  52.0000	  83.6660	60.094	70.000	22.732
  -1.0000
	  58.0399	  23.5970	  45.9692	  61.3840	49.920	37.680	 3.190
	  54.1500	  23.6223	  42.3069	  59.0339	46.160	34.850	 3.160
	  50.3713	  23.6424	  39.3070	  56.8595	42.880	32.330	 2.910
	  46.7060	  23.6894	  35.6259	  54.6168	39.450	29.830	 3.270
	  43.1560	  23.7285	  31.9975	  52.2111	35.940	27.260	 3.490
	  39.7225	  23.7887	  28.6366	  50.1099	32.930	25.110	 3.960
	  36.3028	  23.8915	  24.7775	  48.6313	30.450	23.650	 5.610
	  32.8984	  23.9634	  21.6807	  46.3573	27.480	21.490	 5.830
	  29.4084	  24.1016	  16.6573	  42.3556	22.590	17.940	 6.120
	  25.8354	  24.2071	  14.1523	  40.2741	20.200	16.220	 6.320
	  22.2834	  24.3553	  11.5994	  38.4057	18.030	14.750	 6.830
	  18.3507	  24.5379	   9.4990	  36.9188	16.330	13.630	 7.350
	  14.3450	  24.7551	   7.4363	  35.0143	14.380	12.260	 7.550
	  10.0705	  25.1983	   5.4007	  33.6452	12.870	11.320	 8.220
	   5.5331	  26.3442	   3.5799	  32.0156	11.370	10.250	 8.670
	   0.7379	  32.8428	   2.9760	  31.0000	10.440	 9.610	 9.740
	  -4.3819	  40.0987	   1.9175	  29.9666	 9.310	 8.980	10.260
	 -10.6623	  42.8335	   1.7283	  29.0172	 8.660	 8.420	10.190
	 -22.5881	  44.7814	   1.8317	  28.3549	 8.300	 8.040	10.380
	 -34.6550	  46.7266	   2.8019	  28.0713	 8.360	 7.880	13.010
	 -46.2087	  50.6751	   3.7961	  28.0179	 8.150	 7.850	14.050
	 -57.2828	  50.8898	   5.5832	  28.0179	 8.270	 7.850	15.920
	 -67.9473	  51.0828	   8.6340	  28.0713	 8.500	 7.880	19.100
	 -78.2908	  51.1790	  10.7209	  28.2666	 8.720	 7.990	21.290
	 -87.6567	  51.2580	  13.7424	  28.9828	 9.300	 8.400	24.820
	 -96.1152	  51.3164	  16.5504	  29.0172	 9.480	 8.420	27.650
	-108.0991	  51.3874	  19.4135	  29.9833	10.130	 8.990	30.930
	-116.6279	  51.4190	  23.1688	  31.0161	10.960	 9.620	35.430
	-123.8169	  51.5314	  27.4621	  31.0966	11.040	 9.670	39.000
	-130.5993	  51.5562	  31.2025	  33.8526	12.920	11.460	44.560
  -1.0000
	  58.0399	  11.7967	  69.7116	  87.8578	69.870	77.190	14.100
	  54.1500	  11.7095	  68.0232	  86.6487	67.710	75.080	13.410
	  50.3713	  11.6115	  66.2847	  85.8487	66.230	73.700	13.560
	  46.7060	  11.3427	  60.5917	  83.2406	61.710	69.290	14.250
	  43.1560	  10.9666	  55.3843	  79.9625	56.140	63.940	13.390
	  39.7225	  10.6512	  51.5749	  78.8606	54.120	62.190	15.120
	  36.3028	  10.4258	  47.5464	  75.7892	49.550	57.440	13.910
	  32.8984	  10.0903	  42.9845	  72.9932	45.480	53.280	13.850
	  29.4084	  76.6254	  40.6854	  71.0282	42.260	50.450	12.880
	  25.8354	  76.3550	  37.4425	  69.5701	40.330	48.400	13.870
	  22.2834	  75.7585	  32.5434	  65.0231	34.390	42.280	12.040
	  18.3507	  75.2802	  29.7626	  63.5610	32.430	40.400	12.720
	  14.3450	  74.6822	  24.7605	  60.5805	29.160	36.700	13.760
	  10.0705	  74.2243	  21.5103	  58.0259	26.490	33.670	13.780
	   5.5331	  73.5073	  16.5559	  54.9909	23.740	30.240	15.170
	   0.7379	  72.5709	  12.3293	  50.9313	20.050	25.940	14.910
	  -4.3819	  71.6519	   9.1808	  46.8615	16.630	21.960	13.980
	 -10.6623	  66.8360	   5.7160	  43.0232	13.890	18.510	14.720
	 -22.5881	  66.1887	   5.5383	  42.2847	13.470	17.880	15.190
	 -34.6550	  65.0007	   7.3113	  41.2068	12.810	16.980	15.830
	 -46.2087	  63.6205	   9.9875	  40.2741	12.260	16.220	16.600
	 -57.2828	  62.0525	  11.9664	  39.0256	11.640	15.230	17.280
	 -67.9473	  60.2719	  13.7348	  38.0132	11.280	14.450	18.520
	 -78.2908	  56.4335	  14.7477	  37.5233	11.180	14.080	19.550
	 -87.6567	  55.6820	  15.7341	  36.9594	11.080	13.660	20.750
	 -96.1152	  55.0347	  16.7530	  36.5240	11.080	13.340	22.180
	-108.0991	  54.3611	  18.0447	  35.7071	10.750	12.750	23.330
	-116.6279	  54.0053	  18.9448	  35.0714	10.470	12.300	24.060
	-123.8169	  53.5931	  20.7151	  34.9714	10.580	12.230	26.000
	-130.5993	  53.1890	  21.7812	  34.5543	10.590	11.940	27.540
	-136.9914	  52.9474	  22.8219	  34.0147	10.440	11.570	28.680
	-143.2985	  52.5548	  25.1871	  33.6749	10.650	11.340	31.840
	-149.9171	  52.3184	  26.3903	  33.1662	10.670	11.000	33.660
	-160.9408	  52.1202	  27.5548	  33.0606	10.950	10.930	35.760
	-174.5028	  51.9568	  28.7453	  32.9242	11.210	10.840	37.860
	 174.2739	  51.7821	  29.5054	  32.5115	11.380	10.570	39.720
	 162.6510	  51.5509	  30.1698	  32.2645	11.870	10.410	42.410
	 150.4476	  51.4174	  30.8096	  32.1092	12.220	10.310	44.430
	 138.3550	  51.3954	  31.6563	  32.0468	12.320	10.270	45.560
	 126.4876	  51.1976	  33.5435	  32.0156	13.190	10.250	50.280
  -1.0000
	  99.8956	  70.3926	   1.4915	  51.1762	23.990	26.190	26.980
	  88.0945	  71.6059	   2.5048	  54.9108	27.488	30.152	30.122
	  77.9135	  72.9084	   3.4789	  58.4500	31.272	34.164	33.446
	  71.7665	  73.9198	   4.5650	  62.1096	35.414	38.576	37.130
	  67.1586	  74.8363	   5.8921	  65.5149	39.484	42.922	40.512
	  60.7201	  76.3296	   6.6720	  69.5212	44.920	48.332	45.704
	  56.6588	  10.3551	   7.9396	  73.1765	50.030	53.548	50.176
	  54.5425	  10.8991	   9.2788	  76.7268	55.152	58.870	54.670
  -1.0000
	-137.5651	  53.0910	  35.6147	  41.5692	15.330	17.280	43.110
	-137.9744	  53.1559	  35.1543	  45.2880	18.318	20.510	45.970
	-138.8146	  53.2891	  34.7232	  49.0122	21.482	24.022	48.834
	-139.1617	  53.3441	  34.2492	  52.7428	25.034	27.818	52.394
	-139.4751	  53.3938	  33.8074	  56.4942	28.882	31.916	56.340
	-139.7535	  53.4379	  33.2777	  60.2080	32.968	36.250	60.522
	-139.9591	  53.4705	  32.8499	  63.9594	37.374	40.908	65.180
	-140.1162	  53.4954	  32.4027	  67.7363	42.092	45.882	70.208
	-140.0690	  53.4880	  31.9278	  71.3246	46.866	50.872	75.376
	-140.0305	  53.4819	  31.5078	  75.1931	52.280	56.540	81.310
  -1.0000
	-149.3646	  54.9165	  36.2767	  57.2014	27.772	32.720	52.656
	-150.9096	  55.0900	  36.4527	  59.4306	30.004	35.320	54.824
	-152.5507	  55.2389	  36.6926	  61.6928	32.358	38.060	57.160
	-154.3094	  55.3984	  36.8984	  63.9187	34.760	40.856	59.528
	-156.1991	  55.5699	  37.1014	  66.1665	37.276	43.780	62.012
	-157.8154	  55.7165	  37.3447	  68.3798	39.878	46.758	64.712
	-159.8784	  55.9036	  37.6528	  70.6697	42.620	49.942	67.510
	-161.7758	  56.0616	  37.9154	  72.9232	45.440	53.178	70.440
  -1.0000
	  57.9318	  10.0278	  34.4576	  85.4108	65.110	72.950	44.000
	  60.4102	  76.4071	  34.4201	  85.7543	64.758	73.538	44.398
	  60.3736	  76.4163	  34.3427	  86.1197	65.380	74.166	45.166
	  60.3474	  76.4228	  34.2853	  86.4962	66.016	74.816	45.936
	  60.3178	  76.4302	  34.2017	  86.8608	66.640	75.448	46.714
	  60.2881	  76.4377	  34.1316	  87.2238	67.262	76.080	47.478
	  60.2405	  76.4496	  34.0620	  87.5900	67.898	76.720	48.252
	  60.2082	  76.4577	  33.9874	  87.9443	68.512	77.342	49.010
	  56.9597	  10.2777	  33.8818	  88.3516	70.390	78.060	50.270
  -1.0000
	  39.2978	  15.1242	  50.8334	  80.2808	65.220	64.450	21.840
	  39.9575	  14.9316	  50.1428	  81.0198	65.934	65.642	23.628
	  39.9387	  14.9370	  49.4650	  81.7435	67.016	66.820	25.562
	  40.3462	  14.8184	  48.7778	  82.5118	67.948	68.082	27.492
	  40.7242	  14.7083	  48.0975	  83.2538	68.872	69.312	29.394
	  40.9670	  14.6376	  47.4033	  83.9833	69.862	70.532	31.332
	  41.2944	  14.5422	  46.7275	  84.7254	70.844	71.784	33.270
	  41.6254	  14.4458	  46.0422	  85.4705	71.844	73.052	35.236
	  41.8085	  14.3924	  45.3464	  86.2322	72.960	74.360	37.290
  -1.0000
	  73.3296	  73.6579	   6.7438	  65.7571	39.130	43.240	39.860
	  74.5978	  73.4454	   6.1502	  67.5441	41.478	45.622	43.074
	  76.1372	  73.1874	   5.5482	  69.4277	44.016	48.202	46.514
	  78.1969	  72.8690	   4.8578	  71.3344	46.674	50.886	50.164
	  80.8862	  72.4945	   4.2193	  73.1806	49.298	53.554	53.746
	  83.8198	  72.0861	   3.5543	  75.0280	52.028	56.292	57.442
	  87.6545	  71.6533	   2.9265	  76.8895	54.840	59.120	61.206
	  93.0899	  71.0673	   2.2900	  78.7274	57.700	61.980	65.034
	 101.1614	  70.2682	   1.6934	  80.6139	60.722	64.986	69.036
	 123.7768	  65.2358	   1.5739	  82.4924	63.910	68.050	73.420
  -1.0000
	  37.5121	  15.6464	  49.7379	  72.7805	55.210	52.970	10.840
	  38.1715	  15.4536	  49.3260	  74.1472	56.716	54.978	13.242
	  39.0088	  15.2087	  48.8861	  75.5195	58.174	57.032	15.686
	  40.2093	  14.8582	  48.3999	  76.8856	59.472	59.114	18.122
	  41.1614	  14.5809	  47.9669	  78.2752	60.990	61.270	20.662
	  42.1399	  14.2959	  47.5062	  79.6455	62.512	63.434	23.238
	  42.9640	  14.0559	  47.0595	  80.8097	63.844	65.302	25.522
	  43.6684	  13.8557	  46.5637	  82.3796	65.904	67.864	28.642
	  44.4384	  13.6388	  46.1026	  83.7592	67.684	70.156	31.424
	  45.2548	  13.4088	  45.6308	  85.1352	69.480	72.480	34.250
  -1.0000
	  38.7548	  15.2830	  21.2647	  75.2596	55.620	56.640	41.510
	  39.1949	  15.1543	  21.2713	  76.0447	56.646	57.828	42.750
	  39.5814	  15.0413	  21.2618	  76.8427	57.714	59.048	44.046
	  39.9036	  14.9473	  21.2520	  77.6235	58.784	60.254	45.334
	  40.3899	  14.8056	  21.2713	  78.4194	59.852	61.496	46.616
	  40.7533	  14.6998	  21.2522	  79.2111	60.952	62.744	47.956
	  41.1778	  14.5761	  21.2541	  80.0112	62.064	64.018	49.298
	  41.6241	  14.4462	  21.2610	  80.7960	63.160	65.280	50.620
  -1.0000
	  61.7312	  76.0767	  21.5901	  78.0833	54.420	60.970	43.920
	  62.2836	  75.9430	  22.6115	  76.6485	52.008	58.750	40.402
	  62.8138	  75.8201	  23.6292	  75.2117	49.626	56.568	36.928
	  63.2116	  75.7278	  24.6433	  73.7753	47.308	54.428	33.510
	  63.6556	  75.6249	  25.6317	  72.3505	45.028	52.346	30.176
	  64.1045	  75.5208	  26.6476	  70.9211	42.764	50.298	26.848
	  64.5040	  75.4282	  27.6399	  69.4838	40.538	48.280	23.580
	  64.8348	  75.3515	  28.6306	  68.0588	38.380	46.320	20.380
  -1.0000
	  15.3809	  24.7414	   8.4727	  82.7466	68.180	68.470	67.940
	  14.6252	  24.9300	   8.4104	  80.5059	64.764	64.812	64.072
	  14.0181	  25.0765	   8.3300	  78.2470	61.392	61.226	60.284
	  13.2933	  25.2460	   8.2604	  75.9697	58.106	57.714	56.580
	  12.7145	  25.3815	   8.1617	  73.7170	54.924	54.342	53.038
	  12.1658	  25.5098	   8.0815	  71.4605	51.836	51.066	49.584
	  11.3930	  25.6906	   7.9675	  69.2098	48.860	47.900	46.298
	  10.4991	  25.8997	   7.8607	  66.9492	45.980	44.822	43.116
	   9.7177	  26.0778	   7.7439	  64.6900	43.180	41.848	40.044
	   8.9746	  26.2415	   7.6195	  62.4340	40.470	38.980	37.090
  -1.0000
	  33.2552	  16.8952	  52.8755	  68.2276	51.960	46.550	 2.150
	  33.8582	  16.7181	  51.7135	  69.1665	52.660	47.840	 4.438
	  34.2355	  16.6072	  50.5837	  70.2011	53.656	49.282	 6.938
	  34.7309	  16.4617	  49.4507	  71.1520	54.502	50.626	 9.310
	  35.2857	  16.2988	  48.3036	  72.1692	55.436	52.084	11.810
	  35.6766	  16.1839	  47.1839	  73.1163	56.398	53.460	14.246
	  36.0994	  16.0597	  46.0193	  74.0905	57.404	54.894	16.784
	  36.6685	  15.8930	  44.8644	  75.0613	58.362	56.342	19.302
	  36.9870	  15.7999	  43.7162	  76.0605	59.518	57.852	21.948
	  37.2863	  15.7124	  42.5254	  77.1168	60.790	59.470	24.760
  -1.0000
	-120.7824	  50.5779	   4.8383	  65.6201	41.890	43.060	54.170
	-123.6600	  50.9782	   6.2091	  63.8483	39.562	40.766	52.278
	-126.3565	  51.3744	   7.9089	  62.1739	37.398	38.656	50.742
	-128.5884	  51.7035	   9.5721	  60.3788	35.146	36.456	49.076
	-130.4441	  51.9771	  11.2163	  58.4996	32.864	34.222	47.368
	-131.8114	  52.1896	  12.7104	  56.8155	30.884	32.280	45.950
	-133.1240	  52.3950	  14.3927	  55.1652	28.978	30.432	44.730
	-134.1738	  52.5592	  15.9727	  53.4097	27.028	28.526	43.408
	-135.1065	  52.7051	  17.5818	  51.7049	25.184	26.734	42.226
	-135.8555	  52.8223	  19.1529	  49.9199	23.330	24.920	41.030
  -1.0000
	-139.7710	  53.4407	  42.3971	  70.4982	45.340	49.700	80.920
	-140.4560	  53.5493	  40.3410	  69.0941	43.406	47.740	76.908
	-141.2950	  53.6823	  38.2309	  67.7141	41.532	45.852	72.906
	-141.9050	  53.7791	  36.1700	  66.3762	39.816	44.058	69.288
	-142.6151	  53.8916	  34.0836	  64.9908	38.076	42.238	65.624
	-143.9271	  54.0950	  32.0034	  63.6129	36.304	40.466	61.750
	-144.8247	  54.2306	  29.9123	  62.2061	34.632	38.696	58.214
	-146.1968	  54.4379	  27.8840	  60.8589	33.024	37.038	54.704
	-147.2236	  54.5930	  25.7908	  59.4458	31.454	35.338	51.372
	-148.1723	  54.7364	  23.7262	  58.0775	30.000	33.730	48.260
  -1.0000
	  61.3967	  76.1604	  34.3040	  69.9714	41.050	48.960	17.650
	  61.4077	  76.1576	  32.8441	  67.9441	38.622	46.164	16.122
	  61.2906	  76.1869	  29.2287	  65.9151	36.656	43.448	16.934
	  61.4698	  76.1421	  29.9692	  63.8373	33.918	40.752	13.212
	  57.3465	  10.1783	  28.4562	  61.8320	33.026	38.232	12.426
	  56.6129	  10.3669	  26.9500	  59.7863	31.048	35.744	11.332
	  55.7821	  10.5804	  25.4657	  57.7425	29.152	33.342	10.310
	  55.0364	  10.7721	  23.9889	  55.7171	27.306	31.044	 9.380
	  54.2037	  10.9862	  22.4831	  53.6843	25.530	28.820	 8.560
  -1.0000
	  54.2922	  10.9634	  34.3091	  88.2270	71.110	77.840	49.920
	  56.6791	  10.3498	  33.1548	  86.2125	67.022	74.326	46.982
	  60.3069	  76.4330	  32.0271	  84.1475	62.556	70.808	43.916
	  60.3557	  76.4208	  30.8723	  82.1182	59.504	67.434	41.434
	  60.5170	  76.3804	  29.6647	  80.4550	57.062	64.730	39.726
	  62.1751	  75.9682	  28.5181	  78.0372	53.082	60.898	36.594
	  63.7551	  75.6018	  27.3400	  75.9908	49.816	57.746	34.260
	  65.4167	  75.2166	  26.1438	  73.9459	46.650	54.680	32.050
  -1.0000
	  17.5866	  24.1907	  10.2861	  63.8279	42.190	40.740	36.110
	  17.8019	  24.1370	  10.5563	  66.0288	44.968	43.598	38.984
	  18.0881	  24.0656	  10.8009	  68.2202	47.806	46.540	41.962
	  18.1661	  24.0461	  11.0063	  70.4741	50.834	49.666	45.192
	  18.2652	  24.0214	  11.2362	  72.7214	53.954	52.884	48.500
	  18.4375	  23.9779	  11.4684	  74.9466	57.128	56.170	51.872
	  18.4597	  23.9723	  11.6630	  77.1518	60.376	59.524	55.364
	  18.5905	  23.9390	  11.8668	  79.3738	63.728	63.002	58.972
	  18.7444	  23.8999	  12.0439	  81.5990	67.166	66.584	62.712
	  18.8197	  23.8807	  12.2363	  83.8212	70.710	70.260	66.550
  -1.0000
	-111.3144	  46.3770	   2.2735	  56.6833	31.270	32.130	38.220
	-120.1316	  50.4874	   2.0830	  60.3341	35.048	36.402	42.874
	-165.9722	  56.3710	   5.0901	  63.9891	38.170	40.946	46.076
	 120.4025	  65.5294	   1.2139	  67.6240	42.814	45.730	49.156
	  35.6815	  16.1825	   1.3183	  71.2727	48.438	50.798	54.082
	  11.4778	  25.6708	   2.1060	  74.9533	54.276	56.180	59.620
	   0.6725	  31.0128	   3.2932	  78.5748	60.410	61.740	65.434
	  -7.1705	  32.4440	   6.3074	  82.2314	67.060	67.620	71.790
  -1.0000