10      59.
11      55.3
12      51.7
13      48.2
14      44.8
15      41.5
16      38.2
20      34.9
21      31.5
22      28.
23      24.5
24      20.6
25      16.6
26      12.3
30       7.7
31       2.8
32       -2.4715651
33       -8.4
34      -19.8
35      -31.6
40      -43.2
41      -54.6
42      -65.8
43      -76.8
44      -86.8
45      -95.8
46      -108.4
50      -117.2057643
51      -124.7
52      -131.8
53      -138.5
54      -145.1
55      -152.
56      -163.4
60      -177.2
61      171.6
62      160.2
63      148.4
64      136.8
65      125.4
66      114.2
70      103.2
71      93.2
72      84.2
73      77.3
74      71.6
75      66.9
76      62.8
//Coloroid szinrendszer alapszogei C fenyforrasra
//forras: Coloroid Farbatlas, 1988, Innofinance