A_=_53_COLOROIDI_LAP
BEGIN_DATA_FORMAT
Sample_Name	XYZ_X	XYZ_Y	XYZ_Z	Lab_L	Lab_a	Lab_b
END_DATA_FORMAT
BEGIN_DATA
Coloroid_ATV_53_20_40	14.67	16.00	31.35	46.97	-3.22	-23.48
Coloroid_ATV_53_25_40	14.54	16.00	34.83	46.97	-4.04	-28.20
Coloroid_ATV_53_30_40	14.40	16.00	38.31	46.97	-4.87	-32.61
Coloroid_ATV_53_35_40	14.27	16.00	41.79	46.97	-5.69	-36.77
Coloroid_ATV_53_40_40	14.14	16.00	45.27	46.97	-6.53	-40.70
Coloroid_ATV_53_45_40	14.00	16.00	48.75	46.97	-7.37	-44.43
Coloroid_ATV_53_50_40	13.87	16.00	52.23	46.97	-8.21	-47.99
Coloroid_ATV_53_20_45	18.71	20.25	35.97	52.12	-2.75	-20.82
Coloroid_ATV_53_25_45	18.58	20.25	39.45	52.12	-3.44	-25.14
Coloroid_ATV_53_30_45	18.44	20.25	42.94	52.12	-4.14	-29.22
Coloroid_ATV_53_35_45	18.31	20.25	46.42	52.12	-4.85	-33.08
Coloroid_ATV_53_40_45	18.18	20.25	49.90	52.12	-5.55	-36.75
Coloroid_ATV_53_45_45	18.04	20.25	53.38	52.12	-6.26	-40.25
Coloroid_ATV_53_50_45	17.91	20.25	56.86	52.12	-6.97	-43.61
Coloroid_ATV_53_20_50	23.23	25.00	41.15	57.08	-2.38	-18.60
Coloroid_ATV_53_25_50	23.09	25.00	44.63	57.08	-2.99	-22.57
Coloroid_ATV_53_30_50	22.96	25.00	48.11	57.08	-3.59	-26.34
Coloroid_ATV_53_35_50	22.82	25.00	51.59	57.08	-4.20	-29.93
Coloroid_ATV_53_40_50	22.69	25.00	55.07	57.08	-4.81	-33.36
Coloroid_ATV_53_45_50	22.56	25.00	58.55	57.08	-5.42	-36.65
Coloroid_ATV_53_50_50	22.42	25.00	62.03	57.08	-6.03	-39.81
Coloroid_ATV_53_20_55	28.22	30.25	46.86	61.87	-2.10	-16.74
Coloroid_ATV_53_25_55	28.08	30.25	50.34	61.87	-2.63	-20.39
Coloroid_ATV_53_30_55	27.95	30.25	53.82	61.87	-3.16	-23.88
Coloroid_ATV_53_35_55	27.81	30.25	57.30	61.87	-3.69	-27.22
Coloroid_ATV_53_40_55	27.68	30.25	60.79	61.87	-4.22	-30.42
Coloroid_ATV_53_45_55	27.55	30.25	64.27	61.87	-4.76	-33.51
Coloroid_ATV_53_50_55	27.41	30.25	67.75	61.87	-5.29	-36.49
Coloroid_ATV_53_20_60	33.68	36.00	53.12	66.52	-1.87	-15.17
Coloroid_ATV_53_25_60	33.55	36.00	56.60	66.52	-2.34	-18.54
Coloroid_ATV_53_30_60	33.41	36.00	60.08	66.52	-2.81	-21.77
Coloroid_ATV_53_35_60	33.28	36.00	63.57	66.52	-3.28	-24.88
Coloroid_ATV_53_40_60	33.15	36.00	67.05	66.52	-3.75	-27.88
Coloroid_ATV_53_45_60	33.01	36.00	70.53	66.52	-4.23	-30.77
Coloroid_ATV_53_50_60	32.88	36.00	74.01	66.52	-4.70	-33.57
Coloroid_ATV_53_20_65	39.62	42.25	59.93	71.04	-1.68	-13.83
Coloroid_ATV_53_25_65	39.49	42.25	63.41	71.04	-2.10	-16.94
Coloroid_ATV_53_30_65	39.35	42.25	66.89	71.04	-2.52	-19.94
Coloroid_ATV_53_35_65	39.22	42.25	70.37	71.04	-2.94	-22.84
Coloroid_ATV_53_40_65	39.09	42.25	73.85	71.04	-3.37	-25.65
Coloroid_ATV_53_45_65	38.95	42.25	77.33	71.04	-3.79	-28.37
Coloroid_ATV_53_50_65	38.82	42.25	80.81	71.04	-4.22	-31.01
Coloroid_ATV_53_20_70	46.04	49.00	67.28	75.45	-1.52	-12.67
Coloroid_ATV_53_25_70	45.90	49.00	70.76	75.45	-1.90	-15.56
Coloroid_ATV_53_30_70	45.77	49.00	74.24	75.45	-2.28	-18.36
Coloroid_ATV_53_35_70	45.64	49.00	77.72	75.45	-2.66	-21.07
Coloroid_ATV_53_40_70	45.50	49.00	81.20	75.45	-3.05	-23.69
Coloroid_ATV_53_45_70	45.37	49.00	84.68	75.45	-3.43	-26.25
Coloroid_ATV_53_50_70	45.23	49.00	88.16	75.45	-3.81	-28.74
END_DATA